malcata_maps/malcata_aspect.grass
north: 40:14:17.01N
south: 40:12:39.7468N
east: 7:02:14.5154W
west: 7:04:21.43W
rows: 400
cols: 400
[rows 33 to 65 of 400, columns 74 to 147 of 400]
28.26 23.99 19.46 13.31 2.97 351.64 346.3 353.84 9.42 29.79 175.34 259.82 297.66 308.97 302.84 307.23 314.6 316.33 316.31 315.29 312.79 311.36 311.78 310.97 306.3 294.55 285.66 287.79 296.02 304.7 309.53 317.59 320.16 316.58 306.89 295.55 293.58 286.91 275.95 272.2 280.92 296.79 301.36 310.48 330.02 342.77 351.54 358.91 5.09 9.34 18.81 37.37 37.37 15.32 13.72 19.55 20.92 18 14.85 12.77 12.27 12.31 12.73 15.62 21.78 26.01 24.22 23.72 26.56 33.17 39.87 41.57 48.58 55.61
26.84 23.74 20.26 15.27 7.59 359.16 353.18 355.67 6.51 11.11 338.05 303 314.46 320.69 315.9 317.62 320.96 319.71 318.17 317.56 316.32 315.96 317.11 316.86 312.1 297.18 284.23 285.38 291.46 297.77 300.53 312.08 318.8 316.72 307.37 295.03 292.82 283.67 268.33 262.25 271.66 291.97 300.24 308.04 325.08 337.27 345.31 351.03 354.93 358.19 1.04 4.5 4.5 4.4 7.76 14.32 15.52 12.82 10.62 9.38 9.12 8.86 9.23 12.28 18.13 21.75 20.16 20.61 24.36 30.99 36.86 37.8 43.62 49.86
26.75 25.71 24.2 21.11 16.38 11.61 8.88 3.59 354.31 341.69 324.9 313.23 321.81 331.36 334.57 339.08 337.28 329.29 321.96 318.75 319.1 321.99 325.97 327.94 325.06 309.15 290.88 289.13 290.8 292.86 292.96 303.63 312.42 312.74 305.1 293.42 291.28 281.1 264.85 259.38 266.97 283.03 292.08 301.16 318.35 328.57 332.49 333.22 332.54 332.81 322.74 304.61 304.61 334.74 348.92 355.52 0.66 2.02 2.37 2.57 2.23 1.07 0.05 0.24 1.6 3.7 6.56 11.08 17.3 23.44 26.22 24.65 27.8 33.47
26.99 26.99 26.23 23.5 19.76 16.54 14.74 6.34 350.17 334.85 323.09 317.06 322.9 334.35 345.06 352.53 347.92 337.53 326.46 318.74 318.42 323.85 330.48 334.4 333.79 321.96 304.19 298.16 294.45 292.69 291.85 300.21 308.3 309.56 303.06 292.45 290.51 280.25 264.3 259.41 264.83 275.84 282.62 292.55 312.94 323.32 325.11 324.25 322.63 321.78 309.8 293.58 293.58 319.52 336.48 342.56 351.38 355.92 357.82 358.85 358.5 356.9 355.02 353.15 351.29 351.78 357.28 5.05 13.45 18.73 18.58 15.3 16.14 20.94
26.99 26.99 25.94 22.49 18.52 15.34 12.75 4.94 352.31 339.21 327.51 321.73 321.62 329.1 341.32 352.96 350 341.53 330.23 318.23 314.99 321.12 328.96 333.4 333.49 325.79 313.63 306.52 299.29 294.76 293.86 300.23 306.83 308.06 302 292.28 290.51 280.25 264.3 259.41 262.71 269.27 272.96 283.32 308.73 321.41 323.44 323.46 322.63 321.78 309.8 293.58 293.58 316.86 333.89 340.5 350.79 355.78 357.76 358.84 358.53 357 355.18 353.37 351.57 351.65 356.92 6 15.52 19.28 17.5 14.41 15.76 21.66
11.83 11.26 9.93 7.41 4.77 2.17 357.79 349.15 340.15 328.93 318.32 314.36 309.49 308.23 314.69 343.54 348.62 345.19 337.46 324.56 317.87 322.72 330.21 334.97 336.32 332.74 324.87 317.41 307.55 299.96 298.11 301.84 306.36 307.2 301.18 292.06 290.65 280.32 263.74 258.54 260.01 262.77 263.64 274.2 304.34 319.33 321.62 322.73 323.04 322.67 311.13 294.77 294.77 315.58 332.4 339.77 351.51 356.8 359.05 0.63 1.18 0.8 0.14 359.37 358.49 358.67 2.86 11.44 19.88 20.71 18.1 16.37 19.49 26.38
325.1 324.17 323.55 325.72 327.83 327.98 324.34 318.83 315.39 307.75 300.39 298.76 292.57 286.28 286.1 318.35 340.66 349.37 354.01 352.88 344.16 338.21 339.02 343.04 346.87 347.65 344.2 338.61 328.81 316.99 310.24 308.26 308.78 308.37 301 291.11 290.31 279.77 260.99 254.59 254.84 255.8 255.74 267.55 300.76 317.06 319.62 321.93 324.01 325.3 315.51 299.25 299.25 318.16 334.63 343.46 355.53 0.45 3.41 6.39 9.43 12.38 15.03 17.12 18.81 20.64 23.24 26.35 27.8 24.04 22.19 23.9 30.13 36.01
308.28 308.48 307.66 308.84 310.82 312.07 311.18 308.97 307.22 301.41 295.65 294.57 288.25 281.39 280.59 302.57 330.55 350.5 7.01 13.39 4.56 351.76 346.33 349.21 354.94 357.71 356.64 353.63 346.94 335.05 323.92 315.89 311.89 310.47 300.85 288.01 286.95 276.18 256.16 248.82 248.9 250.79 251.88 264.67 298.03 314.58 317.26 320.18 323.38 326.03 318.09 303.21 303.21 319.22 335.34 346.04 358.66 3.21 6.73 10.87 15.87 21.15 25.67 28.96 31.69 34.04 35.05 34.44 31.99 26.77 26.1 29.88 35.69 37.67
309.3 310.46 308.96 308.2 308.9 310.49 311.55 310.95 309.19 303.56 297.94 296.8 289.56 281.53 280.59 294.54 319.05 345.4 8.96 12.31 3.61 353.03 346.31 347.89 354.48 357.7 356.79 353.98 348.71 339.78 330.03 320.22 313.48 312.02 300.33 283.41 281.08 270.47 252.11 245.36 246.19 249.87 251.88 263.78 295.39 311.87 314.54 317.49 320.75 323.51 316.25 303.21 303.21 314.94 330.05 342.62 358.49 3.46 7.21 11.76 17.46 23.34 27.94 30.9 33.46 35.39 35.04 33.58 31.57 27.92 28.11 31.95 34.88 33.12
310.1 311.57 308.79 305.52 304.19 305.34 307.66 308.51 307.13 302.07 297.31 297.1 290.18 281.74 280.67 285.51 297.17 319.73 358.5 2.23 354.88 345.21 335.47 333.97 344.03 351.07 351.39 348.73 345.29 339.57 332.27 322.53 314.16 312.84 299.38 278.65 275.09 265.23 249.45 243.61 245.01 249.85 252.3 262.46 291.57 309.5 314.51 320.2 325.49 329.81 325.89 316.62 319.01 329.54 342.47 354.2 3.32 6.05 9.76 14.75 21.05 27.13 31.31 33.59 35.87 37.23 35.33 32.94 31.2 28.86 29.63 33.08 33.01 28.94
310.73 310.77 305.06 298.49 294.5 293.92 295.07 296.11 295.7 291.13 287.29 289.61 287.41 282.55 281.45 279.2 276.76 276.86 303.28 325.41 325.83 316.8 301.39 292.73 303.69 322.77 328.88 326.76 327.47 327.83 326.05 319.31 311.6 311.02 296.98 274.96 271.02 263.02 251.15 246.82 248.16 251.95 253.31 258.77 280.23 305.83 337.67 13.37 26.93 36.45 54.66 71.84 74.74 68.24 58.51 51.95 27.16 18.39 20.82 25.81 31.44 35.64 37.69 38.5 40.28 40.72 36.73 32.97 30.82 28.31 27.67 28.67 26.47 23.65
314.13 313.87 306.39 297.81 292.45 291.1 290.53 290.51 290.28 283.35 276.14 277.56 281.6 284.84 284.18 279.38 273.75 272.29 291.2 311.83 314.68 305.85 287.18 274.42 282.41 307.1 317.79 316 317.22 319.44 320.49 315.9 309.38 309.29 295.42 273.78 270 262.59 251.91 248.1 248.84 250.96 251.02 251.38 255.93 253.62 99.35 70.53 63.9 68.12 79.74 88.43 88.65 77.71 64.21 56.82 38.45 28.41 30.26 34.79 39.26 41.85 42.6 42.81 44.41 43.77 37.49 32.46 29.96 26.98 24.8 23.49 21.1 20.75
319.48 320.3 312.55 302.67 296.15 294.3 291.93 290.51 290.14 278.61 265.29 264.19 274.8 288.09 288.27 282.64 275.97 274.18 294.54 315.42 318.13 307.7 281.62 261.67 269.4 304.69 319.81 317.81 317.5 318.53 319.59 315.34 309.37 309.29 295.42 273.78 270 261.82 250.14 246.04 246.07 246.73 245.8 242.06 232.14 206.32 158.84 97.59 72.13 75.69 88.6 97.43 96.42 75.92 54.36 45.68 34.64 29.93 32.65 37.02 40.98 43.36 44.42 45.23 47.09 45.34 36.89 31.05 28.69 26.13 24.24 23 21.36 21.58
321.38 323.58 316.43 306.21 299.06 296.94 292.99 290.32 290.04 273.84 254.81 251.67 268.02 291 292.15 285.98 278.41 276.29 298.02 319.12 322.03 310.65 276.46 249.76 257.08 302.08 321.39 319.52 318.04 317.98 319.06 315.19 309.79 309.76 295.84 273.96 270.13 261.05 248.27 243.82 243.18 242.6 240.9 234.22 218.14 196.57 171.61 124.76 80.19 83.14 97.93 107.01 104.78 73.11 44.68 36.04 30.2 30.57 34.55 38.76 42.11 44.21 45.52 46.75 48.65 45.48 34.89 28.54 26.42 24.38 22.88 21.82 21.11 22.21
303.57 310.06 307.48 300.68 295.73 294.75 289.95 286.84 289.7 268.17 242.87 242.87 263.58 290.55 295.51 292.73 285.8 282.72 306.33 329.9 338.63 336.23 284.22 235.19 253.7 299.22 319.41 321.18 321.94 322.46 323.74 320.56 316.12 316.85 302.73 277.14 272.47 260.42 244.41 238.6 237.21 236.41 235.35 229 216.26 206.71 202.73 214.31 272.19 266.27 201.36 187.25 184.75 358.91 1.72 4.06 8.15 15.96 24.22 30.08 32.97 34.32 34.06 31.26 27.11 19.5 11.8 9.53 9.77 10.18 10.87 11.78 14.24 19.31
294.85 300.38 299.77 295.04 291.56 290.69 281.69 272.19 272.99 252.7 237.36 245.15 263.22 282.42 289.13 297.97 301.82 297.22 314.47 339.1 357.94 15.25 37.36 247.39 275.44 300.05 314.38 319.79 324.69 327.42 328.9 326.39 323 324.85 313.05 286.58 280.12 261.89 239.88 232.12 230.54 231.16 231.85 227.4 218.86 215.91 220.69 242.15 266.51 265.54 257.08 251.23 253 285 317.16 330.36 342.96 356.13 9.52 18.35 20.75 20.9 17.69 8.88 356.96 347.37 347.17 350.18 353.05 355.95 358.88 1.9 7.3 17.23
294.92 298.36 297.76 293.16 289.8 287.78 271.1 251.19 241.74 240.61 255.57 259.46 264.77 269.2 269.69 289.34 309.55 307.18 312.82 331.85 356.94 19.08 21.88 339.37 307.08 304.04 308.7 314.44 321.85 326.46 327.97 325.24 321.55 323.42 314.54 295.31 288.98 265.46 237.37 228.49 227.72 230.17 231.85 227.78 219.84 217.1 221.74 241.56 263.29 262.61 259.18 257.14 258.4 280.21 305.92 319.73 336.49 354.91 12.23 21.15 21.41 20.9 16.61 7.53 357.53 349.01 347.28 349.66 352.68 355.74 358.82 2.01 8.35 21.38
294.99 296.27 295.67 291.23 288.01 284.78 260.43 234.27 221.57 230.82 277.17 275.19 266.34 256.06 250.32 279.7 315.88 315.07 311.08 318.25 354.04 25.31 15.24 350.1 324.77 307.68 301.96 307.89 318.6 325.45 326.98 324.03 320 321.89 315.95 302.95 297 269.07 234.98 225.22 225.12 229.21 231.85 228.17 220.87 218.35 222.84 240.98 260.11 259.72 261.31 263.34 264.01 275.26 290.32 301.11 323.16 352.58 17.03 24.89 22.11 20.9 15.66 6.53 357.91 350.27 347.39 349.09 352.27 355.5 358.75 2.13 9.75 27.96
310.4 311.43 312.43 308.04 304.5 298.14 235.09 206.62 203.61 221.78 291.51 292.69 260.5 226.04 219.5 278.55 331.53 331.05 321.14 306.2 314.65 7.9 4.86 358.53 351.06 340.48 330.73 338.76 349.59 356.1 0.7 4.91 7.72 7.91 5.9 355.37 339.11 282.8 218.96 215.13 220.2 225.48 225.99 220.11 212.38 209.8 213.4 230.6 252.59 252.63 260.76 268.53 268.68 272.01 276.44 279.26 296.56 320.92 332.69 347.52 351.12 348.32 346.95 347.91 346.9 344.5 342.84 342.35 342.67 344.24 348.53 354.41 1.24 17.54
354.27 2.79 12.19 24.37 35.77 49.23 141.55 174.64 191.61 216.9 273.41 2.58 124.02 148.26 170.15 325.17 347.48 346.54 338.47 305.77 271.4 331.01 356.2 4.76 13.86 28.73 45.16 42.35 35.73 34.87 39.76 45.69 49.12 47.81 45.23 38.87 27.83 32.76 188.72 206.11 218.54 220.96 216.36 207.78 200.17 197.62 199.41 212.34 237.93 239.39 258.8 277.03 276.21 270.48 264.45 263.26 282.22 302.53 303.13 316.88 326.49 324.38 325.08 331.64 336.09 338.17 338.49 336.65 334.08 332.34 335.83 344.41 348.79 351.02
357.01 7.54 18.63 32.43 43.91 55.23 124.01 169.82 195.49 217.91 225.32 175.85 136.2 130.3 157.31 344.14 349.01 347.79 340.21 306.98 270 324.73 354.99 5.99 17.29 32.56 45.27 42.89 39.36 40.3 45.2 48.4 48.76 47.4 42.34 33.66 23.67 21.6 194.62 218.13 225.88 219.15 211.4 204.25 198.76 196.99 198.68 211.23 236.79 238.67 263.02 284.81 283.11 270.74 257.77 255.42 280.05 306.06 306.91 320.21 329.28 327.26 326.19 330.43 334.39 337.15 338.66 337.5 334.53 330.11 330.88 340.83 346.2 348.57
356.38 9.28 22.52 37.53 48.86 57.85 102.88 161.58 206.8 219.27 205.89 178.01 146.3 104.15 106.29 349.5 349.75 348.29 340.99 308.18 270 318.68 353.78 7.44 20.76 34.89 43.34 41.51 41.57 45.24 50.13 50 47.29 45.89 38.79 28.74 19.68 15.11 329.09 247.47 236.33 217.59 207.67 201.75 197.99 196.99 198.68 211.23 236.79 238.97 267.71 291.78 289.39 271.12 251.85 248.53 278.37 309.97 311.18 323.97 332.38 330.45 327.97 329.83 332.98 336.33 339.03 338.55 335.33 328.12 324.63 336.14 343.4 347.39
44.2 48.48 51.24 59.63 66.72 70.98 86.55 102.77 110.53 149.79 159.19 153.16 130.77 79.42 63.91 19.44 7.7 7.73 11.05 18.98 342.7 337.79 354.1 5.22 17.01 28.13 34.61 35.6 39.37 44.54 48.09 43.59 37.79 35.96 28.56 20.95 16.34 16.73 24.24 337.25 221.08 197.69 192.58 190.95 190.79 191.8 194.15 205.48 230.44 232.79 269.32 305.18 306.63 272.59 234.89 234.65 282.39 320.76 322.49 334.32 341.03 339.59 336.69 335.92 336.33 337.95 340.99 342.59 341.87 336.1 331.55 346.45 359.08 6.13
64.86 63.43 63.23 70.6 77.37 79.25 85.69 90.76 91.42 109.74 127.28 131.77 113.79 71.82 61.84 39.85 28.14 30.48 39.47 52.04 47.19 7.33 355.88 0.2 7.51 15.77 23.74 29.28 35.04 38.68 39.39 31.1 24.01 21.69 16.89 14.17 14.53 20.5 40.96 53.92 118.13 167.84 175 178.74 182.19 185.23 188.49 197.87 219.65 221.4 258.14 327.04 5.63 83.18 170.07 209.25 303.95 334.44 336.49 345.75 350.02 349.28 347.11 344.83 342.21 340.82 342.96 346.65 349.64 350.08 355.94 13.67 25.25 26.81
63.48 59.6 59.92 71.29 81.59 82.79 86.87 90 90.46 103.64 117.88 122.51 102.54 63.36 54.02 40.76 33.84 37.28 43 44.21 31.31 7.37 356.34 359.07 6.02 14.59 24.04 30.88 35.65 37.37 37.37 27.94 20.7 18.38 14.77 13.33 14.64 21.37 41.07 52.5 101.41 161.03 171.31 176.35 180.7 184.23 187.79 196.98 217.37 218.41 237.17 295.59 65.79 89.25 109.86 237.65 321.93 337.46 339.1 347.91 351.72 351.13 349.25 346.98 344.07 341.83 342.78 346.52 350.41 352.1 3.57 25.97 31.8 27.55
60 54.13 55.09 70.73 85.23 85.92 88.24 90 90.31 99.36 109.77 113.41 90.9 55.29 46.39 39.11 37.39 42.05 43.11 35.8 21.47 5.41 356.46 358.94 6.84 16.84 27.85 34.98 37.6 37.37 37.37 27.28 19.89 17.65 14.68 13.7 15.1 21.64 39.17 48.14 90.59 158.69 170.42 176 180.75 184.47 188.21 197.63 217.37 217.77 222.82 212.23 146.12 92.48 39.9 334.51 330.86 338.02 339.1 348.15 351.97 351.4 349.65 347.64 344.95 342.4 342.13 345.33 349.47 350.6 6.31 39.99 34.76 25.38
52.89 47.35 50.79 69.89 87.17 87.42 88.66 89.66 89.85 95.61 102.96 106.58 74.92 37.31 29.59 26.07 26.89 30.29 26.51 16.86 7.57 359.69 355.12 358.78 7.42 15.91 22.27 24.68 23.61 22.01 22.01 14.85 10.21 8.7 7.39 7.66 9.35 14.21 26.52 32.84 74.08 167.89 180.31 189.47 198.17 205.88 214.41 232.5 249.67 249.38 252.1 254.63 253.75 269.99 286.22 285.35 292.64 300.42 300.81 317.14 331.91 336.06 337.47 338.18 337 334.62 332.52 333.39 334.93 320.98 277.75 283.81 336.37 358.22
43.83 42.01 49.1 68.72 84.93 84.85 86.49 88.05 88 88.63 89.29 88.85 32.42 9.39 6.82 4.99 1.6 356.73 353.96 354.04 354.05 353.3 352.82 358.56 7.79 11.7 7.62 359.82 354.98 354.01 354.01 355.86 356.64 356.31 356.72 358.2 0.16 2.37 6.06 7.94 12.46 189.87 199.47 212.64 224.2 233.11 240.77 251.48 258.26 258.13 261.08 264.13 264.46 271.3 278.08 278.39 282.85 287.74 287.88 297.4 310.99 317.46 322.21 326.61 327.41 325.24 321.27 319.36 317.94 296.43 266.05 266.08 280.34 306.37
42.98 43.51 51.29 67.55 79.45 78.95 82.08 85.32 84.86 77.15 64.27 47.56 10.65 0.62 360 358.7 354.23 347.59 345.25 347.71 350.16 351.16 351.38 358.24 8.74 9.88 2.82 353.39 347.3 345.72 345.72 350.33 352.72 352.75 353.49 355.19 357.24 358.66 359.6 360 351.03 205.28 212.49 227.68 240.01 247.83 252.33 256.17 257.86 257.93 263.35 268.51 268.61 272.9 277.21 277.46 282.56 288.14 288.39 294.31 304.19 309.96 316.44 323.52 325.49 323.23 318.23 315.16 313.01 289.93 261.49 260.78 262.35 263.09
46.57 48.25 54.95 66.44 73.55 72.78 77.56 82.61 81.75 66.57 46.32 28.89 8.15 0.6 360 358.76 354.8 348.95 346.04 347.53 349.79 350.68 350.2 357.73 10.28 9.38 2.41 354.29 348.12 345.72 345.72 350.33 352.72 352.75 353.38 355.02 357.13 358.61 359.6 360 353.16 226.73 227.36 243.37 255.54 261.38 261.93 258.76 255.86 256.13 264.73 272.69 272.51 274.85 277.32 277.46 283.91 290.89 291.28 294.41 300.75 305.36 313.59 323.31 326.17 323.71 317.92 314.09 311.68 286.58 256.65 255.16 246.54 228.67
45.39 48.18 53.58 61.06 64.57 63.39 69.27 75.62 72.95 47.1 25.1 12.5 1.5 356.35 354.96 353.66 351.22 347.57 345.95 347.97 351.34 353.75 355.34 3.22 10.55 7.33 2.94 358.84 355.49 353.93 353.93 356.56 358.94 0.99 2.62 3.4 3.73 4.85 7.02 5.69 358.47 283.55 252.36 263.07 272.39 275.25 271.58 261.55 255.3 256.74 267.03 275.8 275.54 276.51 277.56 277.5 284.04 291.7 293.08 294.88 298.69 302.31 312.7 325.85 330.88 330.18 325.83 323.2 322.42 291.94 248.94 248.9 232.85 212.72
37.49 40.46 44.19 48.23 48.98 47.15 50.23 50.06 34.02 8.03 0.45 356.86 353.17 349.61 346.94 345.63 345.23 344.37 344.92 348.65 354.48 0.17 7.14 14.49 8.5 4.34 4.18 5.57 7.26 8.44 8.44 7.89 10.49 16.12 18.62 17.16 14.51 14.69 17.63 13.51 3.9 331.14 288.4 285.82 289.72 289.88 283.28 268.26 260.49 262.67 270.55 276.74 276.66 277.75 278.73 278.44 282.94 289.15 291.68 294.08 297.38 300.66 313.23 330.15 338.8 342.71 344.96 350.04 357.33 356.02 230.31 247.93 223.09 206.44
33.67 36.25 38.58 39.9 38.91 36.61 34.28 24.25 4 352.08 351.31 351.31 350.19 347.43 344.43 342.89 342.92 343.01 344 348.13 355.6 3.47 12.46 16.71 6.95 3.17 4.93 8.69 12.29 14.28 14.28 13.56 17.06 24.51 25.39 21.46 17.73 17.3 19.4 14.36 4.68 344.58 315.79 304.88 302.88 300.8 294.4 281.16 273.08 272.71 274.84 276.79 276.79 279.08 281.13 280.71 282.09 284.75 286.75 289.62 293.38 296.64 310.21 329.83 341.06 348.03 355.23 6.88 18.6 32.81 21.21 291.22 223.15 203.85
