malcata_maps/malcata_slope.grass
north: 40:14:17.01N
south: 40:12:39.7468N
east: 7:02:14.5154W
west: 7:04:21.43W
rows: 400
cols: 400
[rows 70 to 104 of 400, columns 79 to 157 of 400]
19.47 25.27 29.59 28.77 30.22 31.73 31.29 30.25 29.48 30.13 30.26 30.19 30.97 27.45 21.16 17.86 15.28 11.78 8.55 5.81 5.96 7.67 8.28 12.2 15.36 15.26 18.98 23.11 24.21 29.71 35.36 36.25 31.74 25.67 24.37 23.51 21.47 20.56 20.56 20.56 20.56 21.12 23.69 26.13 26.41 23.17 21.6 22.58 22.42 20.34 17.43 14.14 12.35 11.38 10.14 9.09 8.19 8.18 11.57 13.72 11.06 5.87 8.9 12.92 17.92 23.87 28.43 34.64 48.9 50.37 44.51 39.98 39.71 38.98 38.89 39.03 38.81 39.89 40.83
18.9 26.13 31.95 31.28 33.75 36.18 35.54 33.64 31.85 31.96 31.19 30.06 30.19 24.88 16.34 13.03 11.29 9.3 8.3 7.15 6.64 6.99 6.79 11.66 16.13 16.2 21.42 26.95 27.82 31.55 35.32 35.87 31.46 25.35 23.66 22.08 19.08 17.62 17.45 17.46 17.58 18.36 21.37 23.86 23.59 19.16 16.51 17.42 16.81 15.13 13.3 11.43 10.77 10.39 9.52 8.71 8.08 7.65 9.14 10.26 7.94 5.28 8.94 10.68 13.73 20.02 27.05 36.99 50.2 50.79 43.38 37.76 37.26 36.46 36.6 37.2 37.34 38.27 38.65
19.61 28.02 35.28 35.04 38.68 41.91 40.71 37.14 33.62 33.18 31.66 29.63 29.1 22.51 11.32 6.49 4.99 3.64 7.43 12.13 14.92 14.98 13.98 16.31 19.9 19.7 24.56 29.87 29.93 32.01 34.45 34.68 29.84 22.83 20.27 17.82 13.7 11.72 11.97 12.75 13.21 13.97 17.08 19.48 19.16 14.12 9.38 9.08 5.96 2.8 3.4 3.82 5.64 6.85 7.3 7.7 8.14 7.91 6.5 5.38 6.32 6.7 5.56 4.17 6.81 14.93 27.21 41.27 50.3 48.38 38.54 31.06 29.94 28.97 29.74 31.71 32.96 33.33 31.94
19.86 28.77 37.29 37.46 42.66 47.3 45.86 40.29 34.83 34.51 33.43 31.9 31.86 27.05 18.69 14.03 11.2 8.32 10.58 16.98 21.05 21.5 20.63 21.74 23.97 23.2 26.48 30.32 29.48 30.98 33.25 33.42 27.93 19.9 17.1 15.23 12.34 11.83 13.5 15.56 16.32 16.26 17.81 19.92 21.35 20.03 17.98 17.13 14.53 10.63 7.39 3 1.7 3.97 5.6 7.09 8.27 8.2 5.14 1.52 6.91 7.7 3.14 5.07 13.61 24.6 34.36 45.59 48.18 44.4 34.14 26.42 24.95 24.07 25.2 28 30.09 29.72 26.78
19.17 27.7 37.29 37.52 44.51 51.1 49.78 42.05 34.13 33.55 32.48 30.98 30.96 27.2 20.25 16.05 14.78 15.75 18.63 21.51 21.79 21.39 20.47 21.28 23.32 22.52 25.27 28.52 27.62 29.46 32.18 32.42 26.24 17.21 14.03 12.45 10.22 10.17 12.37 15.63 17.21 16.73 16.47 17.35 19.17 19.49 18.56 17.74 16 13.19 10.8 6.15 2.14 3.72 5.68 7.33 8.5 8.17 7.58 8.38 8.55 8.8 10.88 7.66 20.46 41.5 47.58 49.21 45.02 40.95 32.27 26.05 24.68 24.16 25.41 28.16 30.17 29.33 25.97
16.44 24.26 35.42 35.97 45.27 54.22 53.22 43.5 33.27 32.51 31.6 30.21 30.09 27.17 21.55 18.02 18.42 22.65 26.13 24.98 18.56 16.49 15.75 16.84 19.3 18.58 21.54 24.99 24.4 26.88 30.2 30.59 23.82 14.06 11.29 10.87 10.09 10.69 12.95 16.84 19.03 18.22 16.47 16.33 18.13 19.44 19.33 18.37 17.53 16.21 14.51 9.34 3.65 3.44 4.81 5.99 6.75 5.89 10.8 15.18 11.96 11 18.43 10.81 26.53 57.49 60.82 50.72 39.75 36.23 29.36 24.61 23.54 23.41 24.72 27 28.21 26.98 23.76
4.67 14.54 28.59 29.64 42.53 54.69 54.52 43.48 31.59 31 30.99 30.2 29.66 26.75 21.85 19.09 20.73 26.28 29.63 25.76 12.59 6.49 6.45 9.8 14.42 14.96 19.43 23.89 24.02 26.8 30.45 31.85 27.17 21.52 21.13 21.65 21.38 20.92 21.22 23.58 25.65 25.33 23.52 21.95 21.42 21.37 20.83 19.19 18.72 18.7 17.82 12.32 6.15 4.94 4.88 5.11 5.68 6.06 14.96 20.67 15.9 14.05 24.65 21.22 35.77 66.46 65.38 44.47 26.57 26.46 22.19 19.08 19.07 19.46 19.86 19.94 18.58 16.75 14.69
7.15 14.72 25.13 25.18 39.82 53.96 54.05 41.99 29.01 28.66 30.28 31.11 30.6 27.5 22.81 20.46 21.37 24.76 28.58 29.63 26.01 24.58 23.67 24.26 26.41 27.34 30.45 33.42 32.71 33.61 36.06 38.36 36.7 33.98 33.42 33.04 31.8 29.94 28.7 29.71 31.48 31.96 30.72 28.07 25.42 24 22.96 20.93 20.13 20.13 19.74 14.08 8.69 8.83 9.84 11.28 13.19 14.98 19.9 22.82 17.95 15.45 26.82 33.24 45.4 63.25 58.27 38.71 21.64 22.75 18.44 15.16 15.85 16.34 15.61 13.93 10.76 9.44 9.3
6.87 13.72 21.11 21.14 37.31 52.93 53.03 40.08 26.22 25.91 29.24 32.34 32.48 29.41 24.73 22.42 21.4 20.45 22.52 25.56 25.36 24.65 23.76 24.22 25.99 26.93 30.44 34.1 33.42 33.12 34.17 36.35 35.65 33.83 33.42 33.18 32.19 30.46 29.16 29.67 30.98 31.71 31.42 29.54 27.06 25.98 25.26 23.42 21.96 21.12 20.69 14.27 8.29 8.53 9.58 11.11 13.07 15.24 19.23 21.17 18 15.67 23.64 32.71 43.44 52.42 46.8 34.51 24.6 25.58 20.12 15.66 16.24 16.3 15.06 13.18 10.53 10.5 10.87
7.53 12.8 17.25 17.17 34.74 51.75 51.87 38.17 23.68 23.58 28.55 33.88 34.66 31.59 26.91 24.63 21.77 17.04 18.26 23.08 25.33 25.19 24.3 24.57 25.91 26.78 30.58 34.89 34.2 32.66 32.29 34.17 34.09 32.95 32.74 32.73 32.19 30.81 29.54 29.58 30.46 31.38 32.08 31.19 28.95 28.23 27.85 26.29 24.16 22.51 22.14 15.43 9.93 10.47 11.62 13.32 15.3 17.46 20.13 20.85 19.17 19.23 25.39 34.34 41.69 42.83 36.3 30.7 27.78 28.69 22.22 16.66 16.96 16.43 14.74 12.7 10.61 11.72 12.49
9.78 12.58 14.96 14.6 31.52 48.53 49.09 36.48 24.67 26.11 32.38 39.25 40.46 37.43 33.35 32.14 30.06 26.52 27.2 29.53 30.59 30.13 29.2 28.96 29.23 29.15 32.29 36.61 35.57 32.5 29.54 28.92 26.65 24.57 24.93 26.19 27.47 28.08 28.38 28.94 29.5 30.21 31.85 32.44 31.09 31.17 31.98 32.17 31.18 31.52 34.22 33.58 33.58 34.68 35.81 37.23 38.75 39.9 39.88 37.96 35.5 35 36.59 38.88 40.85 39.83 35.62 34.38 35.29 35.47 28.51 22.24 20.75 18.37 15.44 12.42 10.31 12.52 13.83
11.24 12.51 14.36 14.2 27.62 41.91 43.1 33.76 26.93 29.87 36.73 44.73 46.44 43.36 39.91 40.51 40.98 39.09 37.71 36.69 35.67 34.66 33.69 33.11 32.61 31.63 34.28 38.6 37.27 33.47 28.92 26.45 21.37 16.98 17.55 19.87 22.6 24.87 26.74 28.24 28.82 29.29 31.53 33.19 32.49 32.55 34.08 36.49 37.67 41.45 48.17 52.8 55.46 56.82 57.88 59.04 60.12 60.58 59.24 55.92 51.98 48.38 44.76 41.28 40.45 41.39 41.44 42.66 43.22 41.65 33.92 27.06 23.82 20.06 16.6 13.03 11.58 15.14 17.16
10.92 11.87 13.54 13.22 22.95 33.71 35.18 28.5 24.93 28.4 35.53 44.98 47.22 43.23 38.57 38.92 40.05 39.05 37.87 36.85 35.84 34.83 33.88 33.37 32.92 31.95 35.13 40.09 38.82 35.33 31.15 28.87 22.34 16.39 16.93 19.21 21.81 24.08 26.11 27.98 28.82 29.35 31.91 33.88 33.07 31.74 32.18 34.71 35.56 39.7 46.69 52.33 55.47 56.85 57.94 59.13 60.22 60.56 58.95 55.46 51.43 47.61 43.79 40.24 39.76 41.39 41.41 42.06 41.95 40.33 32.7 26.52 23.36 20.09 17.81 14.94 14.78 19.12 21.27
10.7 11.29 12.76 12.29 18.31 25.52 27.43 23.79 23.56 27.48 34.42 45.23 48.01 43.11 37.31 37.52 39.21 39.02 38.05 37.05 36.04 35.04 34.1 33.65 33.27 32.31 36.03 41.62 40.41 37.27 33.5 31.42 23.34 15.89 16.54 18.74 21.2 23.44 25.57 27.73 28.82 29.4 32.3 34.6 33.67 30.95 30.46 33.13 34.05 39.16 46.29 52.28 55.54 56.89 58.01 59.23 60.34 60.54 58.79 55.31 51.21 47.18 43.2 39.52 39.12 41.39 41.39 41.48 40.74 39.07 31.63 26.32 23.29 20.71 19.75 17.62 18.35 23.15 25.38
8.33 11.03 13.2 13.24 15.68 18.16 18.43 14.44 11.57 11.21 18.54 34.11 39.44 35.26 28.57 27.42 28.08 27.56 26.85 26.36 26 25.86 25.91 26.63 27.35 27.32 33.1 40.66 40.43 38.54 35.98 34.58 25.83 17.44 17.03 17.69 18.6 19.39 20.37 22.44 24.3 25.92 30.49 34.96 36.5 35.58 36.13 39.03 40.06 43.03 45.82 47.79 48.35 48.04 47.61 47.12 46.33 45.03 43.71 42.67 41.5 40.32 39.21 38.26 39.65 42.73 42.72 42.25 40.93 39.18 32.21 28.02 25.17 23.24 23.25 21.39 22.25 26.86 28.83
7.66 11.86 14.42 15.17 15.51 14.13 12.22 8.95 5.55 7.71 16.55 27.32 30.15 26.48 20.51 18.42 17.82 16.5 15.82 15.79 15.86 16.41 17.42 19.31 21.12 21.95 29.54 38.63 39.26 38.78 37.64 36.93 28.32 19.45 17.67 16.81 16.27 15.64 15.4 17.01 19.22 21.68 27.04 33.24 38.02 40.65 42.98 45.99 46.91 46.74 45 42.9 40.77 38.75 36.67 34.3 31.52 28.87 28.09 29.49 31.38 33.3 35.29 37.28 40.64 44.15 44.11 43.15 41.32 39.52 33.1 30.06 27.41 26.24 27.35 25.8 26.13 29.49 30.96
11.43 13.73 15.13 15.81 14.18 10.25 7.29 8.29 10.03 11.96 17.09 21.27 22.01 20.98 18.96 18.13 17.49 16.14 15.46 15.36 15.21 15.65 16.7 18.56 20.36 21.24 28.68 37.72 38.39 38.66 38.38 37.84 29.13 19.83 17.78 16.94 16.48 15.87 15.4 16.27 18.01 20.3 24.54 30.13 35.59 39.58 42.68 45.72 47.13 46.67 44.73 42.55 40.41 38.36 36.15 33.56 30.61 28.12 27.53 28.93 30.99 33.14 35.32 37.48 40.95 44.2 44.14 42.71 40.46 38.61 32.69 30.84 28.43 28.34 31.11 30.28 29.83 31.34 32.01
15.79 15.86 15.86 16.43 12.98 7.81 3.02 7.7 14.53 16.52 17.28 15.19 13.82 15.82 17.69 18.13 17.49 16.14 15.46 15.29 14.91 15.25 16.32 18.09 19.84 20.75 27.94 36.86 37.55 38.52 39.09 38.7 29.89 20.2 17.93 17.16 16.84 16.3 15.59 15.75 17.12 19.28 22.74 27.97 33.86 38.73 42.31 45.38 47.12 46.54 44.58 42.47 40.43 38.4 36.17 33.51 30.52 28.06 27.56 28.99 31.09 33.37 35.61 37.8 41.24 44.2 44.11 42.24 39.64 37.75 32.41 31.84 29.68 30.74 35.12 34.93 33.57 33.16 33.03
20.22 17.91 16.13 16.31 11.77 9.19 6.74 8.53 18.19 19.8 16.26 10.39 7.6 9.32 12.4 13.57 12.58 10.74 10.8 12.16 13.01 14.09 15.53 17.28 18.38 18.15 24.92 33.9 34.74 36.62 38.44 38.85 30.84 21.49 18.79 17.77 17.5 17.26 16.67 16.66 18.27 20.72 23.55 27.16 31.09 34.29 36.23 37.58 38.52 38.67 38.37 38.03 37.79 37.49 36.87 35.48 33.45 31.53 31.01 31.91 33.22 34.92 36.73 38.4 40.57 41.42 39.46 35.59 31.59 28.94 23.2 25.19 24.09 28.06 35.8 37.37 35.91 34.15 33.51
24.25 19.64 16.01 15.84 11.04 10.97 11.48 12.63 19.46 19.57 14.49 8.4 7.08 8.95 12.22 13.62 11.65 6.77 4.37 7.41 10.47 12.74 14.65 16.62 17.48 16.05 22.16 30.42 31.36 33.81 36.53 37.75 31.29 23.03 19.97 18.56 18.13 18.12 17.74 17.93 20.14 23.02 25.4 27.14 28.53 29.33 29.13 28.43 28.29 29.39 31.08 32.75 34.53 36.27 37.59 37.79 36.93 35.67 35.09 35.28 35.64 36.64 37.95 38.93 39.18 37.11 32.88 27.12 21.83 18.33 12.75 19.67 20.06 26.4 35.72 38.11 36.36 33.55 32.64
27.93 21.17 15.98 15.77 11.13 11.02 12.02 13.14 17.65 17.06 12.97 8.5 7.91 9.98 13 14.25 11.37 4.53 1.34 5.87 9.74 12.35 14.31 16.62 18.47 16.99 21.8 28.32 29.3 31.84 34.71 36.09 30.96 23.83 20.77 19.2 18.41 18.25 17.72 17.91 20.5 23.45 25.78 27.21 28.17 28.54 28.04 27.02 26.66 28.08 30.09 31.97 33.96 36.01 37.64 38.21 37.62 36.39 35.73 35.82 36.04 37.04 38.37 39.11 38.23 34.71 29.89 24.17 19.06 15.14 12.38 20.89 21.51 27.49 36.03 38.23 35.89 32.05 30.78
31.57 22.7 15.98 15.79 11.37 10.84 11.86 12.83 15.4 14.32 11.53 8.93 8.73 10.57 13.19 14.25 10.42 3.59 6.18 7.98 10.26 12.45 14.26 16.74 19.89 18.52 21.82 26.49 27.5 30.08 32.97 34.4 30.5 24.54 21.65 19.88 18.63 18.25 17.5 17.85 20.94 23.8 25.96 27.3 28.24 28.54 28.13 27.11 26.68 28.4 30.42 32.17 34.02 36.05 37.59 38.27 37.8 36.47 35.72 35.82 36.07 37.2 38.66 39.22 37.55 33.33 28.3 23 18.38 14.28 14.3 22.91 23.49 28.77 36.29 38.23 35.28 30.43 28.78
35.17 24.52 16.81 17.09 13.19 11.97 11.89 12.02 13.62 12.75 11.2 10.01 9.88 11.04 12.85 13.42 8.75 4.68 9.71 8.69 5.84 4.65 4.95 9.13 16.42 16.25 19.13 22.43 23.26 25.93 28.85 29.98 26.43 21.14 19.13 18.01 17.23 17.87 18.32 19.71 22.91 24.9 26.02 26.47 26.69 26.4 25.96 24.95 23.93 24.68 24.96 25.1 25.92 27.46 28.67 29.97 30.62 30.17 30.26 31.21 32.11 33.52 34.64 34.4 31.94 28.27 24.24 19.93 15.65 10.98 14.4 23.91 24.84 29.42 35.6 37.22 34.1 28.9 27.1
38.47 26.71 18.54 19.49 15.59 13.68 12.08 10.99 12.71 12.75 12.11 11.29 10.67 10.86 11.65 11.67 7.09 4.41 10.35 11.25 10.82 10.2 9.43 10.81 16.76 16.19 17.43 18.91 18.96 21.75 24.99 25.77 21.89 16.51 15.27 14.67 14.51 16.87 19.51 22.39 25.23 26.12 25.89 25.18 24.39 23.42 22.97 21.97 20.07 18.92 16.82 15.13 14.88 15.79 16.29 18.29 20.41 21.21 22.73 25.01 26.77 28.35 28.79 27.54 24.42 21.99 19.48 16.84 14.05 10.16 16.87 26.1 27.38 30.17 33.4 34.06 31.51 27.38 25.96
41.49 29.02 20.26 21.26 16.25 14.48 12.49 10.54 12.48 12.87 12.31 11.27 10.37 10.03 10.08 9.72 6.21 3.04 8.17 11.14 13.09 13.61 13.21 13.52 17.09 15.9 15.9 16.23 15.88 19.27 23.36 24.18 20.22 14.77 13.67 12.77 12.79 16.08 19.85 23.53 26.14 26.64 25.81 24.72 23.66 22.64 22.33 21.35 19.05 16.73 13.79 11.95 12.15 13 12.97 14.65 17.04 18.45 20.91 23.77 25.63 26.89 26.82 25.28 22.15 20.49 18.47 17.64 17.72 15.23 21.18 28.6 29.79 30.1 29.74 29.3 27.86 25.66 24.99
44.43 31.35 21.94 22.78 16.22 15.11 13.22 10.41 12.41 12.87 12.07 10.74 9.74 9.09 8.55 7.81 5.54 2.81 6.1 9.9 12.63 13.61 13.24 13.06 15.53 14.21 13.58 13.24 12.8 17.07 22.18 23.18 19.24 13.88 12.86 11.64 12.27 16.24 20.3 24.16 26.56 26.92 25.75 24.64 23.59 22.76 22.63 21.66 19.33 16.47 13.42 11.51 12.44 13.51 13.3 14.39 16.56 18.36 21.45 24.51 26.17 26.89 26.42 24.88 22.04 20.94 19.03 20.19 23.12 21.27 25.49 30.84 31.78 29.5 25.61 24.17 23.99 23.87 24.02
46.25 32.62 22.13 21.97 12.67 13.01 12.81 10.47 11.86 11.48 9.81 7.92 6.86 6.21 5.68 5.28 4.5 2.77 2.54 4.3 6.13 7.53 6.99 6.78 10.64 10.11 10 10.18 10.51 15.6 21.45 22.74 19.3 14.7 13.9 12.58 13.69 17.21 20.09 22.9 24.43 24.08 22.04 20.76 19.75 19.33 19.91 19.53 17.9 15.65 13.51 11.72 12.97 13.79 13.01 13.23 14.88 16.61 19.56 21.85 22.2 21.54 20.3 18.37 15.19 15.02 13.07 18.72 26.16 25.91 29.06 32.62 33.18 28.59 21.95 19.84 20.47 21.75 22.3
44.48 30.87 20.18 19.14 7.76 8.26 10.58 10.61 10.47 8.3 5.86 4.12 3.63 3.76 4.21 4.93 5.62 5.95 5.99 5.5 5.35 6.62 6.1 6.09 10.31 10.54 10.85 11.25 11.65 15.9 21.42 23.07 20.8 17.56 16.88 15.39 15.94 18.03 18.99 20.11 20.44 19.08 15.79 14.31 13.34 13.51 15.08 15.61 15.12 14.22 13.61 12.43 13.44 13.55 12.12 11.46 12.4 13.68 15.75 16.64 15.25 12.84 10.68 8.07 5.14 11.11 11.97 20.6 28.36 28.27 30.54 33.11 33.33 27.55 19.79 17.67 18.9 21.14 22.09
38.47 26.46 17.35 16.22 7.1 4.67 8.58 10.65 9.22 5.54 2.73 2.57 3.15 3.83 4.63 5.51 6.44 7.39 8.36 9.04 9.69 10.58 10.26 10.15 12.87 12.87 12.87 12.87 12.87 16.03 20.64 22.4 21.09 18.84 18.25 16.63 16.8 18.25 18.4 18.69 18.43 16.7 13.08 11.77 10.84 11.19 12.8 13.67 13.82 13.62 13.61 12.73 13.34 13.03 11.61 10.85 11.5 12.55 13.73 13.65 11.7 8.75 6.38 3.6 6.96 15.78 17.68 23.82 28.48 27.77 29.8 32.4 32.54 26.79 19.17 17.24 18.98 21.97 23.31
31 21.43 14.5 13.34 7.72 4.78 8.64 10.65 9.26 5.63 1.83 1.21 2.38 3.22 4.14 5.11 6.09 7.09 8.1 8.93 9.76 10.58 10.26 10.15 12.87 12.87 12.87 12.87 12.87 15.37 19.1 20.8 20.18 18.67 18.25 16.63 16.8 18.25 18.31 18.3 17.83 16.14 12.87 11.96 11.04 11.15 12.28 13.19 13.61 13.61 13.61 12.73 12.97 12.52 11.45 11.02 11.69 12.63 13.08 12.32 10.26 7.33 4.86 1.85 10.2 19.73 21.2 24.61 26.6 25.83 28.25 31.34 31.53 26.15 19.05 17.24 19.28 22.77 24.32
22.95 16.41 12.01 11.09 8.29 6.53 7.99 7.02 7.59 6.39 3.26 0.63 1.34 1.39 1.67 2.3 3.06 3.83 4.61 5.33 6.55 7.91 7.87 7.92 11.35 11.52 11.69 12.04 12.58 14.93 18.09 19.82 19.93 19.28 19.24 17.9 17.89 18.83 18.45 18.12 17.62 16.21 13.67 13.46 12.98 13.06 13.74 14.47 14.87 14.68 14.24 12.82 12 10.75 9.37 8.76 9.01 9.51 9.71 9.14 7.56 4.88 2.45 1.16 12.9 22.46 22.87 23.31 23.28 22.92 26.04 29.69 30.06 25.1 18.47 16.83 19.46 23.8 25.6
14.95 12.22 10.67 10.57 8.52 6.11 5.51 0.77 6.76 7.56 4.3 1.08 2.26 3.1 3.54 3.46 3.19 2.92 2.65 2.38 3.79 5.47 4.72 3.28 8.57 8.9 8.98 9.77 11.53 14.59 17.84 19.72 20.51 20.76 21.31 20.61 20.2 19.95 18.77 18.19 17.98 17.13 15.61 16.28 16.76 17.26 17.67 17.93 17.93 17.12 15.74 13.15 10.3 7.29 4.84 4.07 3.91 4.12 4.87 5.3 4.31 1.22 1.42 4.13 13.77 21.82 21.78 21.83 21.86 21.97 25.24 29.02 29.85 25.98 21.16 20.8 24.33 29.23 30.38
10.94 10.66 10.92 11.24 7.92 3.29 3.08 5.16 8.4 8.3 4.15 3.12 4.99 5.72 6.22 6.47 6.47 6.47 6.47 6.4 7.22 8.2 6.52 0.84 7.06 7.3 6.62 7.43 10.15 13.77 17.28 19.31 20.54 21.34 22.25 22.04 21.33 20.22 18.63 18.13 18.25 17.72 16.68 17.65 18.65 19.49 19.86 19.86 19.74 18.85 17.03 13.92 9.86 5.86 2 1.95 3.2 4.25 5.55 5.99 4.34 1.22 4.09 6.3 12.53 17.86 18.54 21.34 23.28 23.28 25.69 28.76 29.88 26.9 23.55 24.16 28.92 35.98 37.65
9.41 10.44 11.87 12.07 6.75 2.78 2.52 6.02 7.85 7.46 3.27 5.88 7.89 7.17 6.35 6.47 6.47 6.47 6.47 6.46 8.14 10.06 8.45 0.64 6.05 6.32 5.06 6.35 9.4 12.77 16.24 18.37 19.87 20.96 21.95 22.01 21.21 19.77 18.16 17.87 18.25 17.77 16.75 17.52 18.53 19.41 19.86 19.86 20.04 19.69 18 15.2 11.44 8.12 3.98 0.51 2.39 3.84 6.01 6.98 4.83 1.69 5.77 7.32 10.44 12.73 13.75 19.11 23.28 23.28 24.85 27 28.07 25.26 22.25 23.04 29.41 40.71 44.56
7.55 10.04 12.49 12.47 5.34 5.68 5.18 5.57 5.44 5.02 0.7 8.34 10.78 8.91 6.46 6.19 6.05 6.04 6.16 6.41 9.13 11.98 10.47 2.91 5.02 4.91 2.04 4.6 7.46 10.01 13.22 15.24 16.77 17.97 18.99 19.26 18.61 17.29 15.91 15.83 16.27 15.52 14.24 14.88 16.06 17.04 17.51 17.34 17.93 18.58 17.38 15.46 13.05 11.12 6.95 1.66 0.67 2.49 5.85 7.52 5.08 2.56 7.33 7.95 8.2 7.95 9.29 16.64 22.84 22.84 23.65 24.8 25.43 22.01 18.16 18.25 26.79 43.54 50.19
