malcata_maps/malcata_slope.grass
north: 40:14:17.01N
south: 40:12:39.7468N
east: 7:02:14.5154W
west: 7:04:21.43W
rows: 400
cols: 400
[rows 210 to 244 of 400, columns 79 to 157 of 400]
17.36 16.7 12.48 6.92 14.7 25.39 25.39 36.82 49.74 51.33 40.51 25.91 22.13 24.65 28.93 30.81 29.34 25.5 23.28 23.83 25.67 26.73 26.13 24.83 23.87 24.1 19.2 14.3 14.25 14.59 15.46 16.62 20.51 26.01 29.6 28.03 29.43 36.09 42.1 47.47 50.88 52.99 55.63 58.12 59.49 55.47 47.05 36.79 30.16 30.56 33.38 34.03 34.24 32.89 35.01 43.99 49.85 51.9 52.12 51.34 50.22 48.36 46.41 42.85 33.14 28.79 25.75 24.58 25.5 22.73 20.58 19.6 19.51 14.55 11.5 13.29 16.32 24.08 27.61
17.63 16.8 12.9 7.27 11.92 25.21 25.2 37.52 51.44 53.09 41.57 26.02 22.05 23.24 25.08 25.9 25.44 23.86 22.87 23.72 26.59 28.46 28.04 27.33 26.81 26.94 20.49 14.16 14.23 15.37 17.03 18.18 22.55 28.73 32.17 29.71 28.57 33.92 39.72 45.02 48.66 50.77 53.34 55.71 57.17 54.73 47.17 37.95 30.93 29.8 32.59 34.04 34.41 33.31 36.05 46.85 53.29 54.19 52.67 51.15 49.9 47.53 45.01 41.11 31.8 28.7 26.02 26.26 28.55 26.15 22.7 19.99 19.65 14.07 11.05 12.79 14.98 23.69 27.89
19.16 18.51 17.72 15.05 13.68 24.39 23.58 36.35 51.14 52.93 42.09 27.15 22.98 22.98 23.05 23.02 22.51 21.44 20.85 21.95 25.65 28.33 28.47 28.76 28.91 28.81 21.73 14.56 14.8 16.48 18.32 19.18 23.36 29.13 31.28 26.46 20.57 23.02 27.35 31.87 35.75 37.82 40.23 42.01 42.74 42.44 39.85 35.98 30.31 29.19 32.07 34.71 37.48 39.68 44.63 55.04 60.09 59 55.83 54.01 52.56 48.24 42.59 36.1 26.39 25.25 24.61 27.61 31.91 30.19 25.97 21.87 20.87 14.25 8.63 7.59 8.32 20.23 25.57
20.38 19.97 21.17 20.93 18.52 22.58 19.68 32.09 47.69 50.17 43.02 32.11 27.91 26.06 24.21 23.7 23.26 21.71 20.62 21.23 24.04 26.16 26.58 28.15 29.47 29.76 24.91 19.11 18.5 18.93 19.48 19.92 23.47 28.27 29.56 24.41 16.28 15.56 17.46 20.39 24.56 26.64 29.28 30.91 31.02 32.24 33.42 33.42 29 28.84 31.85 35.5 40.72 45.87 52.84 61.8 64.8 62.33 58.52 56.83 54.88 48.08 39.08 30.21 21.73 21.88 22.96 28.25 34.47 33.29 29 24.36 22.83 15.7 7.09 2.57 7.89 20.52 25.6
20.31 20.05 21.17 20.97 17.84 17.9 14.07 26.39 42.52 45.15 41.73 35.65 32.9 30.27 26.9 25.74 24.61 21.56 19.62 19.93 21.7 23.08 23.67 26.29 28.48 28.78 26.83 24.09 23.63 22.25 20.75 20.86 23.76 27.6 28.57 24.75 18.76 18.22 18.88 19.97 23.76 25.93 28.91 30.91 31.02 32.24 33.42 33.42 28.45 28.86 31.93 36.1 42.07 47.26 54.12 61.84 64.16 61.85 58.38 56.83 54.11 45.87 36.55 27.73 21.72 21.56 22.66 28.62 36.14 35.01 30.72 26.05 24.59 17.98 9.31 5.17 10.76 21.35 25.6
20.28 20.13 21.16 21.02 17.73 14.42 9.24 20.7 37.36 40.13 40.41 39.2 37.9 34.48 29.58 27.77 25.95 21.39 18.62 18.64 19.37 20.01 20.78 24.44 27.49 27.79 28.74 29.09 28.75 25.59 22.03 21.8 24.06 26.93 27.59 25.08 21.34 21.31 20.84 19.87 23.1 25.33 28.56 30.95 31.07 32.3 33.5 33.51 28.09 29.29 32.39 37.15 43.97 49.17 55.55 61.88 63.51 61.37 58.21 56.8 53.34 44.39 36.24 27.6 22.15 21.29 22.38 28.98 37.83 36.77 32.47 27.78 26.39 20.41 12.36 8.98 13.64 22.17 25.6
18.72 18.98 20.59 21.45 20.28 18.47 15.94 20.91 34.17 35.17 36.44 38.63 39.22 36.05 30.64 28.44 26.12 20.76 17.75 17.89 18.4 18.76 19.29 23.18 26.51 26.45 29.34 32.35 32.58 28.27 23.24 22.76 24.36 26.26 26.61 24.9 22.17 21.2 18.1 13.61 18.36 24.6 31.52 37.8 42.17 46.98 51.03 53.9 52.64 51.71 49.8 49.91 53.49 55.93 58.93 61.61 60.86 57.24 52.64 49.61 44.15 35.49 33.23 29.32 25.43 22.56 20.76 27 37.31 37.08 33.54 29.55 28.67 23.99 17.22 13.87 16.84 23.37 26.12
17.21 17.68 19.67 21.57 22.57 23.72 24.74 29.04 38.42 38.66 38.09 37.3 35.78 32.59 28.68 27.75 26.9 23.6 21.3 20.95 21.06 20.83 20.78 24.84 28.7 29.24 31.83 33.93 33.71 29.23 24.21 23.71 24.65 25.6 25.63 23.93 20.98 19.38 16.74 11.65 15.51 24.87 34.44 44.45 53.56 62.39 69.78 75.8 77.68 73.88 66.9 61.8 61.74 61.4 61.03 60.15 57.01 51.89 45.96 41.45 34.75 27.07 29.64 30.23 28.78 24.82 20.46 26 35.69 36.1 33.48 30.42 30.1 27.23 22.33 19.26 20.86 25.53 27.65
17.3 17.51 19.1 21.07 22.45 23.79 24.81 28.87 36.98 36.99 34.73 31.35 28.76 26.61 24.81 24.82 24.92 23.49 22.18 22.12 23.23 23.8 23.84 27.92 31.76 32.25 32.84 32.96 32.71 29.07 25.03 24.68 24.95 24.94 24.66 22.68 19.22 17.36 17.09 17.57 21.7 28.48 35.1 43.82 52.97 61.43 68.72 74.83 77.69 74.12 67.15 61.18 61.17 61 60.02 57.98 54.21 49.12 43.5 39.05 33.08 27.06 29.25 30.06 29.83 27.18 23.3 27.62 34.75 35.17 32.98 30.38 30.1 28.84 26.21 24.09 25.06 28.2 29.69
17.41 17.37 18.74 20.76 22.43 23.9 24.91 28.7 35.57 35.36 31.5 25.66 21.86 20.63 20.96 21.93 22.97 23.37 23.06 23.29 25.43 26.8 26.9 31 34.82 35.27 33.86 32 31.71 28.91 25.86 25.65 25.25 24.28 23.69 21.44 17.48 15.35 17.43 23.8 30.19 34.78 38.26 45.11 53.94 61.39 68.2 74.36 77.7 74.98 68.16 60.92 60.64 60.62 59.1 56.06 51.77 46.7 41.36 36.97 31.66 27.07 28.89 29.91 31.07 30.24 26.77 29.27 33.81 34.25 32.49 30.33 30.1 30.48 30.26 29.03 29.25 30.88 31.73
7.21 7.2 8.63 10.68 12.89 15.35 17.21 23.16 31.73 32.9 29.39 24 20.94 19.61 19.24 18.78 18.73 19.64 20.2 21.31 25.29 28.16 28.83 33.37 37.36 37.62 34.82 32 32.19 30.21 27.86 27.69 27.28 26.83 27.38 26.17 22.96 20.94 23.6 33.68 42.2 44.49 42.71 42.91 45.76 46.95 49.56 53 55.73 57.8 56.8 52.87 54.5 54.95 53.22 50.23 46.76 42.77 38.16 33.92 28.86 24.37 24.3 23.31 25.72 28.19 26.57 28.33 30.89 31.18 29.71 27.77 27.29 29.1 31.64 32.07 32.23 32.73 32.96
6.45 4.52 3.24 2 4.8 8.28 10.16 19.37 30.06 32.42 29.71 26.29 26.52 27.66 28.07 27.51 26.74 26 24.63 23.96 26.83 29.2 29.39 34.17 38.52 38.55 36.01 33.85 34.71 32.88 30.23 29.83 30.44 32.29 35.18 35.77 34.05 33.16 35.63 44.73 52.2 51.69 44.65 38.35 35.21 30.53 28.66 29.02 30.7 37.3 42.42 43.67 47.84 48.62 46.84 44.29 41.98 39.14 35.15 30.99 26.01 21.88 21.05 18.69 22.89 27.6 27.31 28 28.78 28.86 28.26 27.43 27.27 29.33 32.1 32.79 32.8 32.85 32.89
7.46 6.03 5.58 4.43 7.06 10.52 11.82 21.53 32.45 34.83 31.69 27.86 28.31 29.37 29.28 28.5 27.49 25.96 23.83 22.7 25.37 27.74 27.88 33.5 38.64 38.64 37.47 36.69 37.59 34.64 30.72 30.1 32.16 36.09 39.58 39.11 35.95 34.74 37.38 47 54.76 53.33 43.95 36.29 32.42 28.09 26.21 26.21 27.41 33.05 39.02 42.6 46.97 47.5 45.62 43.02 40.81 38.01 34.02 29.86 25.27 23.23 24 22 25.65 29.53 29.29 28.45 27.72 27.78 28.5 29.2 29.26 30.33 31.67 31.96 31.93 31.93 31.97
7.28 6.59 7.16 6.36 9.64 13.49 14.53 24.34 35.32 37.61 33.93 29.36 29.56 30.02 29.07 27.98 26.71 24.57 21.97 20.62 23.3 25.85 26.06 32.63 38.64 38.64 38.97 39.66 40.51 36.26 30.94 30.1 33.67 39.76 43.69 41.69 36.52 34.74 37.57 48.02 56.34 54.28 43 34.98 31.06 27.59 26.21 26.21 27.32 31.91 37.98 42.87 46.88 47.09 45.13 42.45 40.2 37.34 33.46 29.45 25.46 25.76 28.08 26.33 28.84 31.57 31.27 28.9 26.69 26.75 28.85 31.09 31.32 31.23 31.04 30.94 30.9 30.91 30.95
5.98 7.74 10.98 12.31 16.55 21.13 22.98 31.68 41.74 43.98 39.79 33.87 32.05 30.37 27.92 26.4 25.32 24.12 23.42 23.88 26.91 29.35 29.65 35.91 41.92 41.92 43.54 45.67 46.73 42.13 36.68 36.09 40.27 47 50.35 46.6 39.93 38.29 41.32 50.54 57.09 52.81 38.92 31.32 28.86 26.92 26.21 26.21 26.83 29.19 32.57 36.19 39.99 40.99 39.73 37.46 35.6 32.95 29.32 25.42 22.05 25.69 30.39 29.51 31.72 33.96 34.05 30.89 27.88 28.17 31.07 34.28 34.88 34.15 32.87 32.35 32.12 31.9 31.69
23.46 23.23 25.06 26.2 29.42 33.37 35.21 42.13 50.37 52.1 46.61 38.4 33.58 29.58 26.18 24.49 24.01 24.88 27.23 30.61 35.01 37.94 39.1 44.63 49.78 49.78 51.84 54.35 55.16 50.72 45.99 45.94 49.6 54.78 56.32 51.27 44.29 43.25 46.29 52.43 55.2 48.65 33.73 27.19 26.71 26.34 26.21 26.21 26.09 25.9 25.74 27.37 31.76 33.98 33.27 31.22 29.8 27.42 24.44 21.21 19.16 26.56 33.15 33.21 35.94 38.71 39.75 37.23 35.47 37.61 40.66 42.6 42.42 41.15 39.71 39.3 39.22 39.14 39.06
27.78 27.08 28.96 30 33.29 37.37 39.11 45.61 53.23 54.75 47.74 38.05 32.26 27.96 25.07 23.66 23.76 26.19 29.77 33.64 38 40.74 42.15 47.39 52.11 52.11 54.5 57.29 57.98 53.51 48.88 48.94 52.16 56.33 57.15 52.25 45.82 45.02 47.66 51.19 51.23 44.46 31.52 26.21 26.21 26.21 26.21 26.21 25.85 25.01 24 25.34 30.73 33.38 32.18 29.61 28.21 25.94 24.25 22.52 21.73 30.29 37.08 37.43 40.69 43.89 45.05 42.21 40.3 42.85 44.64 44.81 44.17 42.94 41.8 41.53 41.53 41.53 41.53
27.98 27.04 29.34 30.38 34.05 38.54 40.22 46.64 54.02 55.51 46.98 36.47 30.7 26.54 24.3 23.21 23.8 27.73 32.12 35.6 39.18 41.33 42.7 47.69 52.11 52.11 54.88 58.08 58.76 54.23 49.48 49.52 52.36 55.85 56.42 52.13 46.48 45.8 47.85 49.15 47.14 40.74 30.38 26.21 26.21 26.21 26.21 26.21 25.79 24.93 23.92 25.42 31.81 34.68 32.72 29.47 27.99 25.88 25.92 25.87 25.85 34.58 41.16 41.63 45.38 48.91 49.91 46.34 43.69 46.05 45.97 44.27 43.43 42.47 41.7 41.53 41.53 41.53 41.53
26.74 26.31 28.5 28.65 32.12 36.69 37.75 43.28 49.15 49.06 37.18 24.91 21.32 19.74 20.25 21.37 23.86 29.53 34.19 36.6 39.04 40.74 42.28 46.94 50.68 50.25 53.64 57.98 59.23 55 50.41 50.69 53.15 55.58 55.43 51.11 45.33 43.66 44.18 43.56 40.7 35.41 27.59 24.62 24.93 25.14 25.2 25.2 24.64 23.55 22.22 23.27 29.97 31.99 27.56 21.54 18.53 15.65 20.25 24.54 27.34 38.09 45.54 47.02 51.6 55.57 56.6 52.7 49.57 51.45 49.21 45.34 43.81 42.55 41.47 40.7 40.3 40.36 40.59
24.37 25.19 26.54 25.32 28.41 33.17 33.42 36.96 40.19 38.8 25.45 9.46 7.69 10.66 15.84 20 24.76 31.37 35.43 36.66 38.24 39.81 41.56 45.47 47.98 46.91 51.79 58.38 60.39 56.35 51.77 52.4 54.28 55.14 53.86 49.05 42.55 39.32 38 36.01 33.3 29.55 24.05 22.19 22.98 23.48 23.61 23.61 22.84 21.48 19.65 19.51 25.73 26.65 19.26 8.89 3.47 6.88 22.68 31.79 37.21 47.87 55.14 57.22 61.12 63.97 64.25 59.98 56.44 57.49 53.1 47.16 44.61 42.52 40.55 38.71 37.97 38.65 39.44
23.23 24.79 25.23 23.46 26.6 31.96 31.96 32.92 32.89 31.14 21.19 8.41 5.46 10.12 17.36 22.3 27.14 33.04 36.25 37.17 38.76 40.49 42.14 44.78 45.9 44.58 51.75 61.01 63.21 58.53 53.23 53.85 54.8 54.03 51.94 47.08 40.62 36.98 34.94 32.35 29.6 26.56 22.65 21.5 22.45 22.95 23.03 23.03 22.16 20.91 18.95 17.47 22.52 22.98 14.44 3 4.59 13.88 30.37 40.18 45.55 54.97 61.37 63.27 65.84 67.33 67.14 62.9 59.38 60.07 54.13 46.81 43.77 41.25 38.83 36.49 36.15 38.16 39.61
23.12 24.79 24.54 22.71 25.95 31.96 31.96 30.3 26.79 24.12 17.78 10.13 8.38 13.36 21.43 26.39 30.27 34.67 37.02 38.04 40 41.97 43.38 44.58 44.36 43 52.59 64.58 66.7 61.04 54.7 55.14 54.97 52.67 50.04 45.41 39.47 36.03 33.87 31.02 28.04 25.2 22.43 21.81 22.72 23.06 23.03 23.03 22.15 21.3 19.42 16.78 20.24 20.3 11.36 5.42 9.49 18.69 35.8 45.7 50.37 58.45 63.98 65.58 66.85 67.33 67.16 63.32 60.14 60.83 53.6 45.31 42.11 39.5 36.95 34.49 34.81 38.32 40.43
20.09 21.26 21.01 19.89 23.64 29.94 29.37 25.64 20.69 18.47 15.26 11.89 11.53 17.34 27.19 33.5 37.47 40.6 41.96 42.94 45.07 47.15 48.31 48.46 47.71 46.96 57.15 69.51 70.29 62.64 54.14 53.18 51.18 47.6 45.3 41.68 36.95 34.6 33.26 31.06 28.68 26.6 25.06 24.91 25.56 25.42 24.86 24.34 23.29 23.05 21.72 18.31 18.35 16.54 6.58 9.45 15.35 24.82 42.04 51.83 55.61 61.94 66.17 67.06 66.67 65.82 65.36 61.15 57.18 56.85 47.31 37.6 34.95 33.1 31.42 29.82 31.67 37.21 40.18
14.1 14.44 14.89 15.23 19.71 25.45 24.23 20.45 16.82 16.58 15.72 14.59 14.6 21.93 35.59 44.86 49.71 51.6 51.76 52.42 54.34 56.24 57.13 57.21 57.38 58.27 66.23 74.18 71.67 61.45 50.51 47.32 43.63 39.73 38.65 36.61 33.58 33.08 33.44 32.7 31.75 31.07 30.63 30.64 30.77 29.9 28.42 26.88 25.52 25.85 25.46 22.14 17.1 10.56 1.83 16.14 22.8 32.2 48.61 57.76 60.44 64.68 67.28 67.16 64.91 62.56 61.58 55.96 50.02 48.3 36.71 25.27 23.7 23.47 23.53 23.58 27.8 35.65 39.47
11.04 11.26 12.35 13.33 17.19 21.07 19.73 18.49 17.7 18.29 17.71 16.35 15.98 25.82 44.75 56.4 59.73 58.33 56.83 57.33 59.25 61.12 61.89 62.26 63.2 64.97 70.25 73.25 68.55 57.68 46.55 42.45 39.06 36.49 36.33 35 32.73 33.05 34.06 33.76 33.42 33.42 33.42 33.42 33.3 31.99 30.12 28.06 26.69 27.16 27.22 24.64 17.54 7.99 10.02 22.75 28.83 37.83 53.28 61.76 63.63 66.16 67.5 66.83 63.29 59.91 58.64 51.5 43.89 41.74 31.19 20.59 19.51 20.11 21.1 21.76 27.11 36.14 40.36
10.84 11.33 12.87 13.78 16.02 17.41 15.77 17.57 20.33 21.24 19.45 16.68 15.98 29.1 53.82 67.24 67.16 60.47 56.83 57.41 59.63 61.72 62.52 63.15 64.29 66.02 68.76 68.32 63.2 53.33 43.51 39.46 37.29 36.66 37.1 35.9 33.78 34.08 34.79 33.96 33.42 33.42 33.42 33.42 33.27 31.86 30.11 28.06 26.85 27.18 27.22 25.96 21.32 15.06 18.54 28.38 33.32 41.84 56.52 64.54 65.89 67.05 67.5 66.66 62.23 58.14 56.79 48.33 39.43 37.02 28.56 20.35 19.51 20.44 21.88 22.64 28.3 37.84 42.24
15.52 15.28 16.42 16.81 17.5 17.19 15.31 18.51 23.75 24.93 22.96 20.91 22.1 37.02 64.77 78.69 74.51 61.57 55.18 55.46 57.44 59.05 59.09 59.34 60.14 61.3 61.76 59.47 55.25 47.17 39.24 36.03 35.33 36.36 37.01 35.63 33.47 33.67 34.02 32.68 32.2 32.54 32.67 32.56 32.19 30.55 29 26.96 25.75 25.71 25.37 26.01 26.54 23.88 26.58 33.74 37.68 45.64 59.15 66.27 66.79 66.47 66.06 65 59.45 54.39 52.88 43.16 33.35 31.32 25.07 19.03 18.4 19.76 21.76 22.65 28.65 38.58 42.91
28.09 25.83 25.13 24.11 24.16 25.22 26.01 28.82 31.77 30.98 30.57 33.88 41.38 57.12 79.02 87.75 78.43 59.99 50.74 50.11 50.89 50.91 49.27 48.65 48.74 48.69 47.44 45.51 44.12 38.84 33.47 32.32 33.34 35.05 35.15 33.35 31.21 31.3 31.18 29.29 29.2 30.36 30.73 30.26 29.39 27.37 26.1 24.09 22.81 22.16 20.94 23.92 29.95 30.3 33.45 39.85 43.11 49.7 60.57 65.81 65.36 63.89 62.91 61.52 54.27 47.77 46.25 35.91 26.04 25.4 21.5 17.38 16.95 18.89 21.56 22.43 28.35 38.01 41.9
36.08 32.39 30.42 28.48 28.76 31.72 34.57 37.16 37.14 34.09 36.52 46.28 57.69 72.9 86.45 88.18 76.26 57.09 47.38 46.06 45.62 44.35 41.95 41.82 42.49 41.98 40.39 39.04 39.02 35.12 31.05 31.04 32.43 33.51 32.93 31.46 30.37 30.82 30.34 27.92 27.88 29.41 29.57 28.7 27.53 25.46 24.67 22.71 21.53 20.74 19.12 23.44 31.44 32.97 38.43 47.44 51.19 55.3 61.78 64.58 63.87 62.35 61.42 59.66 50.43 42.39 41.1 31.52 22.57 22.57 20.2 17.52 17.24 19.77 23.16 24.01 29.09 37.55 40.93
36.78 32.43 30.11 28.15 28.96 33.08 35.82 37.12 35.36 31.9 38.37 54.97 66.88 77.75 83.96 81.91 71.01 54.6 46.25 44.69 43.45 41.44 38.99 39.88 41.61 41.09 39.94 39.03 39.02 35.48 31.77 31.79 32.41 32.3 31.29 30.68 31.28 32.45 31.83 29.09 28.78 30.07 29.61 28.47 27.3 25.55 25.33 23.43 22.47 21.92 20.4 24.8 32.49 33.94 42 55.19 60.38 61.84 63.3 63.6 63.05 62.03 61.42 59.27 48.09 38.45 37.11 28.51 20.52 20.52 19.07 17.41 17.24 20.53 24.94 26.06 30.23 37.14 39.91
36.18 31.57 29.48 28.17 29.83 35.22 37.74 37.84 35.53 32.85 42.58 65.21 76.91 81.44 80 75.09 65.6 51.99 45.02 43.4 41.73 39.47 37.27 39.07 41.65 41.09 40.22 39.52 39.3 35.98 32.52 32.41 32.22 31.16 30.01 30.4 32.68 34.6 33.93 31.01 30.52 31.53 30.26 28.58 27.03 25.38 25.65 23.71 22.88 22.44 20.83 25.37 32.91 34.3 45.02 62.3 68.89 67.71 64.24 62.15 61.77 61.21 60.88 58.35 45.32 34.35 33.21 25.71 18.75 18.71 18.09 17.34 17.22 21.16 26.5 27.94 31.25 36.61 38.71
31.15 27.54 27.67 28.89 32.62 38.95 41 40.91 40.94 42.46 53.68 75.76 83.68 80.21 71.93 66.4 59.54 48.9 43.43 42.26 41.23 40.13 39.35 41.98 44.79 44.12 42.89 41.39 40.21 36.65 33.11 32.42 31.54 30.4 30.01 31.78 35.59 38.18 37.62 34.82 34.34 35.03 32.57 29.61 26.6 24.46 24.97 22.76 22.14 21.97 20.3 25.55 33.37 35.08 47.55 66.92 74 70.65 63.53 59.78 59.59 59.38 59.22 56.42 42.21 30.67 30.24 24.1 18.31 18.37 18.76 19.46 20.32 24.38 29.05 30.08 32.09 35.57 36.74
27.27 24.27 26.57 29.66 35.14 41.85 43.56 43.98 46.1 50.73 62.49 80.3 84.23 76.81 65.93 60.81 55.7 46.82 42.28 41.53 41.31 41.39 41.76 44.76 47.37 46.63 44.63 41.91 39.81 36.22 32.88 31.8 30.93 30.44 30.84 33.57 38.31 41.27 40.75 37.97 37.44 37.72 34.1 30.49 26.44 24.5 25.43 23.18 23.48 24.57 23.6 29.14 36.68 38.75 50.46 68.09 74.21 70.16 62.22 58.17 58.09 58.03 57.99 55.23 41.06 29.63 29.41 24.36 19.64 19.97 21.74 24.22 26.3 29.48 31.67 31.32 31.77 33.34 33.52
27.12 23.99 27.19 30.25 36.25 43.05 44.71 45.63 47.99 52.47 63.68 78.79 81.76 74.63 64.26 59.34 54.45 46.08 41.81 41.12 41.13 41.39 41.73 44.4 46.67 45.92 43.23 39.78 37.55 34.56 32 31.03 30.69 30.97 31.59 34.55 39.74 42.89 42.27 39.26 38.55 38.33 33.79 30.89 27 26.07 27.54 25.47 26.98 29.41 28.7 33.45 39.93 41.75 51.86 66.97 72.17 68.37 60.94 57.14 57.06 57 56.96 54.3 40.64 29.63 29.45 25.43 21.68 21.98 24.58 27.9 29.84 30.98 30.62 29.57 29.38 29.85 29.5
27.38 24.62 28.8 31.66 37.78 44.34 45.74 47.03 49.62 53.7 63.86 76.34 78.39 71.5 61.59 56.88 52.26 44.47 40.68 40.35 40.81 41.39 41.81 44.22 46.15 45.38 42.15 38.25 36.1 33.79 32.01 31.17 31.35 32.39 33.26 36.38 41.86 45.06 44.21 40.72 39.37 38.11 32.27 30.38 26.61 26.62 28.66 26.87 29.82 33.81 33.56 37.72 43.26 44.88 53.35 65.88 70.13 66.56 59.64 56.1 55.98 55.84 55.74 53.22 40.23 29.75 29.61 26.51 23.61 23.81 27.1 31.06 32.61 31.43 28.6 27.12 26.62 26.33 25.67
