malcata_maps/malcata_slope.grass
north: 40:14:17.01N
south: 40:12:39.7468N
east: 7:02:14.5154W
west: 7:04:21.43W
rows: 400
cols: 400
[rows 245 to 279 of 400, columns 316 to 394 of 400]
9.57 5.62 6.32 7.71 9.1 10.52 11.45 12.36 13.51 14.57 15.36 15.9 16.23 16.3 15.83 14.77 13.49 12.42 11.59 11.8 12.85 12.11 20.64 31.5 32.33 32.67 33.14 33.16 37.44 44.5 47.27 47.37 47.49 47.63 46.89 44.32 42.81 42 35.23 31.1 33.43 34.61 36.87 41.04 44.47 47.55 50.97 53.38 55.7 58.65 61.31 62.81 63.28 63.2 63.19 63.29 62.77 61.33 58.91 56.17 53.8 52.13 50.81 49.19 47.01 44.52 42.27 40.69 38.72 38.83 42.12 43.09 42.63 41.71 39.04 37.11 38.55 39.84 41.42
12.84 9.33 9.05 9.55 10.53 12.13 13.29 14.62 16.52 18.22 19.16 19.4 19.33 19.22 18.79 17.64 15.68 12.91 10.08 9.65 11.03 10.57 19.6 30.13 31.7 33.41 35.16 35.86 40.14 46.76 49.28 49.28 49.28 49.28 48.2 45.06 43.77 43.99 38.91 37.01 40.45 43.08 47.25 53.16 58.49 62.93 67.01 69.88 71.05 71.26 71.01 70 68.22 65.97 63.85 62.05 59.79 56.74 52.98 49 46.17 45.27 45.27 44.78 43.32 41.28 39.46 37.89 35.28 35.39 39.61 42.46 45.23 47.62 45.87 42.83 42.4 42.84 44.51
15.13 13.28 13.11 12.41 12.09 13.35 14.21 15.18 16.93 18.43 19.18 19.4 19.34 19.37 19.11 18.05 16.45 14.06 11.54 11.14 11.94 11.51 18.77 27.29 28.76 31.28 33.99 34.93 39.48 46.57 49.28 49.28 49.28 49.28 47.74 43.2 41.06 41.34 36.33 34.88 38.51 41.27 45.78 51.86 57.52 62.24 66.38 69.57 71.01 71.26 71.05 70.16 68.45 66.12 63.8 61.88 59.63 56.73 53.17 49.18 46.21 45.27 45.27 44.82 43.47 41.45 39.93 38.87 36.44 36.06 38.87 41.17 46.04 53.64 55.3 51.72 48.42 46.93 47.66
17.39 17.23 17.2 15.48 13.93 14.84 15.44 16.06 17.63 18.79 19.23 19.4 19.34 19.51 19.45 18.49 17.44 15.71 13.5 12.75 12.86 12.47 17.94 24.47 25.88 29.18 32.85 34.01 38.85 46.4 49.3 49.31 49.32 49.33 47.35 41.47 38.56 38.94 34.16 33.34 37.11 40.2 45.21 51.31 57.01 61.77 65.9 69.23 70.81 71.07 70.89 70.15 68.54 66.15 63.65 61.61 59.39 56.75 53.54 49.56 46.23 45.14 45.09 44.66 43.48 41.47 40.29 39.81 37.59 36.56 37.92 39.7 46.62 59.78 64.85 60.61 54.41 51 50.79
21.27 23.85 25.3 24.06 22.25 22.3 22.01 21.53 21.72 21.35 20.37 19.47 18.49 18.18 17.92 16.77 16.44 16.04 14.82 14.03 13.79 13.8 17.87 22.82 24.24 28.06 32.47 34.07 39.21 47.22 50.89 51.83 52.88 54.17 53.67 49.63 48.38 49.84 47.39 46.71 48.16 49.07 51.27 53.78 56.02 57.84 59.38 60.37 60.11 58.81 57.55 56.85 56.11 54.51 52.28 50.26 48.23 46.76 45.66 43.51 40.17 36.87 33.74 31.03 28.9 26 25.54 27.27 26.4 25.57 25.49 25.21 35.93 57.82 68.31 65.38 57.89 53.21 51.95
32.68 34.8 35.64 33.65 30.87 29.63 28.14 26.46 25.27 23.53 21.45 19.63 17.84 17.31 17.02 15.74 15.8 16.13 15.57 14.44 13.89 14.48 17.99 22.07 23.45 27.29 31.94 33.92 39.03 46.99 51.52 53.84 56.43 59.73 61.89 61.14 61.77 63.83 62.64 60.98 59.94 58.26 57.24 56.22 55.12 54.08 53.06 51.76 49.79 47.01 44.69 43.91 43.91 43.11 41.2 39.17 37.37 37.01 37.76 37.46 34.67 29.33 23.35 19.26 17.49 14.99 17.56 22.37 23.25 24.12 25.74 27.27 38.44 58.21 67.26 64.05 56.55 52.07 50.78
33.31 35.46 36.29 33.75 30.54 29.24 27.78 26.17 24.99 23.29 21.51 19.95 18.37 18.33 18.37 17.14 16.95 17.01 16.42 14.38 13.04 13.66 16.76 20.39 21.81 25.64 30.25 32.27 36.85 43.91 48.19 50.51 52.95 56.3 58.98 59.28 60.51 62.8 62.46 61.15 60.11 58.32 57.19 56.17 55.1 54.1 53.09 51.9 50.23 47.59 45.17 44.09 43.91 43.21 41.4 39.33 37.58 37.2 37.76 37.58 35.73 31.23 25.69 22.23 20.66 18.58 20.73 24.59 25.3 26.85 29.41 31.12 40.03 55.35 62.17 59.31 52.82 49 47.51
33.97 36.14 36.96 33.85 30.22 28.88 27.46 25.91 24.75 23.12 21.72 20.48 19.11 19.52 19.83 18.64 18.14 17.91 17.28 14.32 12.22 12.88 15.58 18.77 20.25 24.05 28.62 30.68 34.74 40.93 45 47.34 49.7 53.14 56.33 57.6 59.39 61.89 62.29 61.33 60.3 58.4 57.16 56.14 55.1 54.15 53.14 52.1 50.82 48.36 45.76 44.28 43.91 43.32 41.66 39.6 37.87 37.39 37.76 37.71 37.09 34.15 29.17 25.9 24.12 22.35 23.93 26.82 27.36 29.58 33.11 35.03 41.63 52.49 57.09 54.57 49.1 45.93 44.24
35.53 34.64 32.46 27.2 23.47 24.26 24.56 23.35 21.54 19.25 18.03 17.29 16.37 17.84 18.85 17.82 17.16 16.86 16.53 12.18 8.23 8.75 11.53 14.68 16.27 20.39 25.2 27.26 30.86 36.12 39.4 40.87 42.03 44.24 46.42 47.17 48.85 51.49 52.76 53.1 53.4 52.18 50.45 48.51 46.62 44.83 42.93 41.76 41.81 41.16 39.81 38.54 37.82 36.91 35.07 32.95 31.23 30.51 30.21 29.6 30.89 31.67 29.23 27.54 26.48 25.51 26.83 28.94 29.23 31.72 35.55 36.97 41.06 48.42 51.81 50.22 46.14 43.9 42.36
35.83 30.31 24.51 19.76 18.28 21.06 21.97 20.47 17.92 15.1 14.56 14.6 14.64 18.13 20.7 20.47 19.65 19.11 19.1 13.71 8.01 6.27 7.62 10.29 11.77 16.34 21.6 23.68 27.03 31.73 34.3 34.84 34.75 35.59 36.39 35.95 37.2 39.91 41.91 43.59 45.37 45.22 43.03 40.07 37.29 34.7 31.85 30.54 31.7 32.77 32.95 32.31 31.39 30.11 28.08 25.95 24.34 23.67 23.02 22.05 25.39 29.09 28.54 28.08 27.69 27.33 28.74 30.61 30.82 33.2 36.87 38.06 40.72 45.89 48.61 47.77 44.78 43.25 41.94
33.82 26.33 18.96 17.03 20.73 24.07 22.73 19.97 17.58 15.2 15.46 15.78 16.46 21.29 24.71 24.26 22.01 20.39 20.28 13.31 6.94 4.25 4.59 7.27 9.06 13.98 19.6 21.82 25.15 29.77 32.29 32.81 32.7 33.47 34.15 33.62 34.97 37.81 40.14 42.13 44.11 44.55 42.53 39.48 36.77 34.31 31.46 29.91 30.46 31.44 32.04 31.89 31.14 29.91 28.05 26.06 24.57 24.11 23.6 22.7 26.1 29.77 29.37 29.01 28.69 28.39 29.83 31.69 31.9 33.97 37.17 38.23 40.05 43.64 45.66 45.08 42.69 41.54 40.39
32.12 24.43 16.28 14.98 24.1 28.15 24.04 19.9 18.12 16.23 17 17.43 18.65 24.68 28.81 28.01 24.16 21.34 21.08 12.44 6.43 3.36 1.52 4.59 7.02 12.01 17.86 20.24 23.56 28.13 30.68 31.29 31.31 32.19 32.91 32.52 34.12 37.05 39.61 41.75 43.76 44.64 43.06 40.05 37.54 35.31 32.57 30.58 30.25 30.96 31.83 32.16 31.64 30.52 28.91 27.09 25.71 25.44 25.08 24.24 27.39 30.71 30.33 29.98 29.67 29.38 30.83 32.71 32.92 34.65 37.34 38.23 39.25 41.31 42.63 42.29 40.44 39.65 38.66
13.75 10.49 8.12 9.7 23.49 26.18 15.33 3.06 7.21 9.45 13.94 16.2 19.15 26.91 31.9 30.94 25.91 22.03 21.4 11.52 7.7 6.67 4.86 3 1.25 5.83 12.23 14.89 18.95 24.06 26.37 26.27 25.56 26.09 26.48 25.09 25.07 26.11 26.94 27.5 27.96 28.56 28.34 26.61 25.84 25.59 24.55 23.15 22.15 22.07 22.73 23.76 24.28 24.28 23.96 23.38 23.15 24.12 24.69 24.46 27.88 31.19 30.97 30.77 30.57 30.39 32.08 34.15 34.3 35.5 37.49 38.14 38.5 39.22 39.7 39.07 37.05 36.02 34.82
10.39 9.37 5.42 7.83 20.85 25.24 20.95 20.2 22.42 23.43 25.21 25.86 26.9 31.22 33.72 31.49 26.01 21.91 20.93 11.08 8.72 10.13 10.81 10.24 9.03 7.63 8.31 8.63 13.49 20.22 22.73 21.6 19.43 19.1 19.1 16.57 14.26 12.95 11.63 10.33 9.14 10.87 13.44 13.31 14.66 16.35 16.72 16.03 14.86 14.33 14.63 15.54 16.33 17.13 18.05 18.66 19.57 21.92 23.53 23.89 27.72 31.19 31.15 31.12 31.08 31.04 33.53 36.39 36.58 36.97 37.81 38.09 38.14 38.23 38.28 37.33 34.8 33.27 32.48
15.64 13.54 7.69 8.61 15.76 21.22 22.93 25.58 27.22 27.67 28.6 28.63 28.73 30.87 31.58 28.94 24.37 21.11 20.12 11.37 8.68 10.73 12.11 12.06 11.11 9.15 6.28 3.68 9.78 18.79 22.13 20.45 17.21 16.33 16.74 15.11 12.9 11.34 9.96 8.85 8.16 10.34 12.7 12.7 13.75 14.99 15.24 15.12 14.78 14.59 14.19 13.64 13.69 14.63 16.08 17.07 18.24 21.21 23.28 23.75 27.67 31.17 31.17 31.17 31.17 31.17 34.81 39.08 39.51 38.92 38.29 38.09 38.09 38.09 38.09 36.96 33.94 32.07 32.43
15.68 15.68 11.27 8.88 10.19 16.42 21.83 25.86 27.22 27.58 28.24 28.1 27.81 28.62 28.21 25.63 22.36 20.18 19.27 11.85 8.78 10.81 12.07 12.22 11.33 9.44 5.77 1.63 6.63 17.86 22.13 20 15.87 14.71 15.73 15.54 14.24 12.85 11.65 10.72 10.15 11.34 12.7 12.7 13.3 14.03 14.22 14.84 15.51 15.61 14.34 12.26 11.7 12.92 14.88 16.16 17.47 20.88 23.28 23.75 27.67 31.17 31.17 31.17 31.17 31.17 36.03 41.85 42.58 40.96 38.79 38.09 38.09 38.09 38.09 36.77 33.24 31.05 32.67
21.13 23.51 20.62 15.49 15.46 20.52 25.2 27.83 28.05 27.78 27.94 27.6 27.03 26.96 25.92 23.6 21.37 19.9 18.83 12.32 8.37 8.75 8.56 9.03 8.81 8.43 7.57 6.22 2.81 15.6 20.63 18.3 13.43 11.49 12.44 13.45 13.63 13.1 12.65 12.24 11.9 12.48 13.19 13.23 13.14 12.94 12.9 14.13 15.76 16.21 14.39 11.34 10.44 11.69 13.84 15.39 17.03 20.97 23.73 24.2 28.09 31.54 31.44 31.54 31.5 31.13 36.61 43.5 44.67 42.49 39.3 38.26 38.35 38.54 38.67 37.37 33.8 31.71 34.54
29.49 32.95 32.34 28.53 27.94 29.44 30.53 30.47 29.21 28.02 27.62 27.13 26.42 26.01 24.96 23.14 21.46 20.08 18.57 12.11 7.04 4.98 3.18 4.34 4.92 6.16 7.89 9.25 8.26 15.25 18.59 15.96 11.21 8.81 9.37 10.98 12.12 12.3 12.71 12.96 12.89 13.91 14.95 15.15 13.95 12.05 11.43 12.74 14.86 15.66 14.16 11.44 10.46 11.22 12.9 14.51 16.66 21.28 24.51 24.98 28.97 32.45 32.16 33.06 33.81 33.42 38.11 43.83 44.8 42.78 39.82 38.87 39.31 40.21 40.87 40.28 38.35 38.37 43.02
32.45 36.19 36.5 33.38 32.41 32.61 32.31 31.19 29.36 27.79 27.2 26.69 25.87 25.18 24.02 22.35 20.76 19.25 17.48 10.96 6.47 3.44 2.01 2.68 3.22 4.44 6.6 9.32 10.85 14.68 15.72 13.29 10.06 8.46 8.87 10.15 11.09 11.39 12.37 13.1 13.15 15.47 17.76 18.01 14.93 10.85 9.68 10.86 13.05 14.01 13.21 11.42 10.65 10.93 11.85 13.23 15.72 21.02 24.8 25.32 29.66 33.46 33.11 35.68 38.26 38.07 40.37 42.96 43.27 42.05 40.34 39.81 40.77 42.65 43.87 43.99 43.74 45.14 49.99
32.45 36.19 36.5 33.38 32.41 32.61 32.22 30.96 29.07 27.42 26.78 26.28 25.36 24.35 22.92 21.17 19.48 17.86 15.98 9.82 7.51 5.14 3.06 1.92 2.49 3.55 5.74 8.68 11.05 12.76 12.07 10.23 8.97 8.46 8.71 9.48 10.07 10.48 11.96 13.1 13.18 17.02 20.84 21.05 15.73 9.32 7.73 8.81 11.01 12.03 11.88 11.05 10.65 10.59 10.78 11.87 14.54 20.42 24.8 25.37 30.18 34.42 34.08 38.62 43.3 43.2 42.54 41.55 41.22 41.04 40.87 40.84 42.33 45.23 46.91 47.53 48.62 50.65 54.66
29.71 33.4 33.94 30.82 29.88 30.11 29.78 28.93 27.76 26.83 26.92 27.19 26.92 26.38 25.43 24.32 23.41 22.72 21.78 18.14 16.96 13.99 10.39 8.54 8.4 8.69 10.12 12.04 13.36 12.72 10.1 8.1 8.45 9.07 9.2 9.18 8.98 9.13 10.88 12.41 12.64 18.06 23.29 23.25 15.77 7.18 5.96 7.46 9.64 10.28 9.84 9.03 8.66 7.97 6.5 6.19 8.92 16.68 22.29 22.73 28.1 32.89 32.9 40.12 47.62 48.15 44.99 40.62 39.47 40.04 41.19 41.6 43.56 47.33 49.3 50.07 51.77 53.43 55.55
24.42 28.11 29.02 25.89 25.03 25.31 25.2 25.22 25.45 26.06 27.76 29.57 30.69 31.43 31.81 32.21 33.22 34.84 36.31 35.16 34.34 30.7 26.2 22.83 20.67 18.86 18.25 18.19 17.47 15.1 11.4 8.69 10.04 12.15 12.66 11.89 10.41 9.42 9.98 10.82 10.89 17.58 24.06 24.21 17 8.62 6.87 8.22 10.83 12.21 12.73 12.84 13.18 12.87 11.26 9.72 10.39 19.06 27.1 29.28 33.46 35.87 34.95 43.19 52.58 53.41 48.13 40.99 38.82 39.45 41.16 41.59 43.69 48 50.08 50.67 52.26 53.25 53.94
22.11 25.35 26.36 23.43 22.71 23.03 23.05 23.49 24.39 25.84 28.56 31.21 32.94 34.2 35.19 36.38 38.53 41.45 44 43.35 43.45 39.61 34.43 29.97 26.84 23.82 22.04 20.99 19.35 16.61 12.91 9.44 11.47 14.97 15.42 13.78 11.54 9.85 8.97 8.51 8.16 15.58 22.9 23.46 18.44 11.94 9.75 11.02 14.22 16.32 17.14 17.19 17.67 17.54 16.17 14.95 15.42 24.79 34.89 37.85 39.63 38.84 36.88 45.33 55.89 56.56 49.52 40.34 37.49 38.07 39.98 40.34 42.51 47.23 49.47 49.87 51.11 51.9 52.74
22.91 24.85 25.78 23.24 22.73 23.03 23.1 23.58 24.48 26.07 29.19 32.03 33.62 34.64 35.5 36.76 39.29 42.53 44.87 43.39 45.01 41.31 35.66 30.65 27.54 24.1 21.97 20.88 19.33 17.2 14.15 9.49 11.76 16.61 16.41 13.44 10.74 8.82 7.14 5.71 5.09 13.08 20.91 21.52 18.6 14.28 12.62 14.47 18.11 20.1 19.76 18.32 18.27 17.83 16.04 14.8 15.34 27.11 39.26 41.5 40.02 36.59 34.5 44.37 56.8 57.51 48.92 38.01 34.78 35.55 37.87 38.34 40.75 45.97 48.45 48.65 49.38 49.85 50.92
25.94 26.78 28.04 26.65 26.73 27.2 27.58 28.45 29.76 31.66 34.6 36.84 37.69 38.07 38.57 39.62 41.83 44.24 45.14 42.21 46.03 43.53 38.55 34.15 32.02 29.07 26.88 25.6 24.05 22.5 19.82 13.84 13.39 17.7 15.83 10.73 7.69 6.14 5.04 4.39 3.78 10.66 18.1 18.36 17.14 15.26 14.65 17.18 21.01 22.35 20.12 16.25 15.2 14.36 12.49 12.88 15.72 30.27 43.83 45.11 40.5 35.41 34.05 44.43 57.22 57.22 46.97 34.68 31.61 32.96 35.86 36.57 39.2 44.74 47.36 47.41 47.77 48.01 49.26
31.22 32.79 35.09 35.68 36.84 37.79 38.83 40.61 42.93 45.34 47.24 47.55 46.7 45.94 45.8 46.16 46.62 46.09 43.79 39.21 45.35 45.52 43.06 41.25 41.59 40.79 39.29 37.63 35.79 34.19 31.19 24.09 17.74 16.27 11.48 4.75 0.88 0.77 3.02 6.27 9.65 14.81 18.36 17.05 15.88 15.1 14.86 17.37 21.03 22.33 20.44 16.56 14.44 12.24 8.24 9.75 17.95 34.84 47.79 47.9 41.38 36.6 37.55 46.3 55.25 53.16 42.44 30.7 28.6 30.93 34.45 35.5 38.2 43.55 45.99 46.04 46.57 46.92 48.29
33.77 36.3 39.29 41.13 43 44.26 45.75 48.17 51.11 53.74 54.78 53.73 51.86 50.56 50.13 50 48.96 46.16 41.96 37.45 43.97 45.74 45.07 45.12 47.01 47.77 46.83 44.96 43.11 41.99 39.14 31.53 21.12 12.94 5.09 2.15 3.23 3.05 5.89 11.29 15.89 20.3 20.59 18.25 16.17 14.45 13.23 14.65 17.86 20.25 21.74 21.51 20.24 18.3 15.28 15.15 23.39 39.27 49.88 49.44 42.83 38.83 41.21 46.71 49.56 45.55 37.25 29.23 28.09 30.61 34.09 35.22 37.63 42.19 44.18 44.47 45.8 46.67 48.09
33.17 35.72 38.75 41.05 43.14 44.4 46.02 48.7 51.72 54.1 54.6 53.23 51.44 50.39 50.13 49.88 48.29 44.95 40.81 37.57 42.95 44.77 44.35 44.69 46.62 47.7 46.98 45.14 43.78 43.99 41.98 34.71 23.46 13.36 5.8 2.43 3.23 3.27 10.08 17.98 21.1 21.45 18.86 16.28 13.9 11.85 10.33 10.84 13.17 15.79 19.35 21.9 21.86 21.56 22.96 25.08 30.96 43.03 50.78 50.44 44.55 40.92 43.18 44.66 42.18 37.17 32.46 29.34 29.07 31.26 34.25 35.22 37.11 40.66 42.15 42.81 45.15 46.67 48.09
33.62 36.01 38.79 41.1 42.93 43.78 45.08 47.42 49.76 51.1 50.72 49.13 47.53 46.79 46.72 46.37 44.41 40.98 37.16 35.08 39.85 41.93 41.94 42.72 44.83 46.24 45.76 43.87 43.17 45.36 45.01 39.31 29.61 20.77 13.88 5.24 0.33 1.86 13.87 24.49 26.38 21.65 16.51 14.25 11.88 9.41 7.38 7.09 8.86 11.58 16.35 21.33 22.72 24.41 30.4 34.84 38.61 46.39 51.37 51.16 45.42 41.09 42.13 39.29 33.13 28.29 27.63 29.54 30.25 32.22 34.83 35.75 37.23 39.8 40.79 41.66 44.63 46.51 47.85
36.56 38.16 39.93 41.26 41.68 41 40.64 40.9 40.55 39.1 37.02 35.33 34.3 34.19 34.46 33.98 31.76 28.91 26.15 25.68 30.93 33.88 34.79 36.46 39.12 41.04 40.88 38.72 38.88 43.85 46.8 45.32 40.12 33.84 26.57 15.97 10.74 8.89 17.36 28.7 28.91 19.35 11.91 11.5 10 7.05 3.99 3.79 5.85 7.38 11.76 18.87 21.86 25.98 36.47 43.01 44.85 48.74 51.57 51.4 43.47 35.25 33.19 26.68 20.24 19.09 24.14 30.82 32.52 34.51 37.02 38.33 39.9 41.95 42.8 43.55 45.44 46.13 46.64
38.77 39.81 40.84 41.34 40.58 38.75 37.01 35.46 33.1 29.92 26.98 25.34 24.76 25.29 25.95 25.29 22.59 20.2 18.22 18.7 23.65 27.29 29.25 31.91 35.01 37.23 37.71 35.58 35.89 41.19 45.8 48.15 47.57 43.92 36.85 25.44 18.98 15.59 19.09 28.99 28.11 17.62 9.33 10.18 8.87 5.99 2.25 1.61 4.58 5.33 9.62 17.82 21.41 27.13 40.84 49.02 49.9 51.65 53.21 52.6 40.15 26.98 23.98 20.28 17.31 17.23 24.94 34.48 36.67 38.29 40.34 41.88 43.54 45.25 46.23 46.57 45.98 44.22 43.49
38.76 39.85 40.88 41.32 40.38 38.49 36.55 34.6 32.02 29.04 26.54 25.07 24.5 25.15 25.95 25.19 22.29 20.14 18.2 18.38 21.91 25.8 28.67 31.99 35.11 37.14 38.47 36.77 36.31 39.55 43.35 47.15 49.73 48.21 40.91 27.69 19.85 16.12 17.33 27.09 26.19 17.18 9.98 10.77 8.58 7.37 5.49 2.2 4.15 5.33 9.62 17.82 21.41 28.2 44.49 54.14 54.68 55.36 56.14 54.83 37.32 20.27 16.06 16.07 17.2 17.23 27.04 39.15 41.74 42.57 43.53 44.68 45.79 46.56 47.11 46.46 43.24 39.64 38.54
38.24 39.29 40.17 40.46 39.57 37.94 36.12 34.01 31.33 28.55 26.41 25.08 24.5 25.23 26.16 25.31 22.33 20.62 18.76 18.51 21.02 24.77 28.04 31.43 34.1 35.42 37.84 36.98 35.88 37.26 40.19 45.05 51.03 52.3 45.31 31 22.05 17.96 16.15 25.08 23.98 16.39 10.18 10.9 7.87 9.74 9.23 4.23 3.02 4.78 9.36 17.74 21.36 29.13 47.68 58.54 58.57 58.03 57.85 55.57 32.87 13.36 9.1 12.37 17.01 17.12 29.02 43.66 46.69 46.76 46.61 47.27 47.76 47.63 47.82 46.27 40.65 35.52 34.13
34.66 35.1 34.97 34.82 34.9 35.18 35.07 33.87 31.69 29.41 27.68 26.48 25.86 26.59 27.59 26.72 24.01 23.09 21.69 20.89 21.76 23.51 24.87 25.72 25.4 24.35 29.11 30.86 30.6 30.73 31.8 36.69 46.69 52.66 49.26 38.06 29.75 24.65 18.03 22.14 19.6 13.76 8.83 9.11 3.92 10.22 11.6 7.74 4.78 4.34 8.52 17.61 21.58 29.23 47.4 58.12 58.6 58.96 59.08 56.21 32.16 10.81 8.09 13.75 19.51 20.41 32.72 47.85 50.77 49.93 48.55 48.26 48 47.47 47.8 45.83 38.89 33.8 33.17
31.63 31.46 30.47 30.05 31.01 32.91 34.27 33.91 32.2 30.3 28.83 27.71 27.04 27.76 28.81 27.95 25.5 25.21 24.18 23.01 22.63 22.63 22.04 20.3 17.44 15.22 21.83 25.06 25.82 25.84 25.75 29.97 40.68 48.66 49.42 43.62 37.04 31.2 20.62 17.53 12.67 10.71 9.89 9.71 2.05 7.76 11.07 11.56 10.23 7.67 8.58 18.2 22.86 28.38 41.52 50.55 55.1 61.98 66.47 66.06 50.28 30.1 20.67 22.15 25.87 27.93 38.27 50.4 51.98 50.36 48.44 47.62 47.59 48.15 49.13 46.73 38.75 34.02 34.45
