malcata_maps/malcata_aspect.grass
north: 40:14:17.01N
south: 40:12:39.7468N
east: 7:02:14.5154W
west: 7:04:21.43W
rows: 400
cols: 400
[rows 264 to 296 of 400, columns 148 to 221 of 400]
233.37 232.07 227.47 229.39 234.13 238.99 240.2 241.45 243.11 242.47 237.97 230.69 225.69 225.11 231.05 237.84 238.78 236 233.78 234.53 232.4 227.85 223.11 223.62 227.77 226.11 225.86 226.47 221.48 231.15 298.8 322.62 327.71 338.48 347.12 352.44 340.29 192.56 204.01 253.55 287.16 281.41 286.65 291.77 290.92 298.78 310.98 320.43 337.13 347.87 351.29 354.04 356.08 356.64 356.42 355.37 353.41 350.65 343.72 332.23 325.81 315.58 306.17 304.03 294.54 284.03 282.61 282.22 281.85 281.5 274.53 263.13 258.43 260.78
258.1 241.15 229.89 231.72 235.87 239.62 240.8 241.33 241.37 240.15 236.42 230.57 226.64 226.95 234.2 241.27 240.69 236.23 232.7 232.66 227.3 220.33 215.7 217.06 223.47 223.92 224.59 225.17 221.7 231.41 285.68 315.11 324.69 338.92 350.03 358.39 10.64 187.88 212.76 285.92 308.82 299.71 298 298.5 297.01 300.1 306.7 313.03 331.49 344.42 348.66 352.46 355.59 356.99 357.66 357.68 356.92 355.58 351.97 345.18 339.97 331 320.65 316.95 305.2 291.22 288.44 287.06 285.88 284.96 276.14 262.3 256.89 258.54
264.5 245.45 231.74 234.2 238.1 241.13 242.6 242.61 241.33 239.93 237.29 233.05 230.43 231.41 237.8 242.58 239.82 233.49 228.17 226.15 218.02 210.2 206.16 208.85 219.7 224.59 227.38 228.52 227.07 236.35 270.45 296.77 314.39 341.75 359.75 14.34 43.73 157.55 244.32 304.44 319.65 315.78 314.03 312.57 309.82 308.62 308.99 309.51 324.56 338.17 343.54 349.31 354.57 357.65 0.05 1.99 3.35 4.55 6.13 6.61 4.94 2.81 357.43 350.42 338.57 318.58 308.04 301.1 296.13 292.92 280.5 262.62 256.29 257.35
255.99 243.97 235.89 239 241.98 243.81 245.15 244.12 241.1 239.2 237.1 233.73 231.72 232.57 237.05 239.42 235.68 229.31 223.76 220.54 211.89 204.59 201.08 204.93 220.46 228.49 230.69 229.92 228.49 235.53 257.17 273.3 288.01 338.22 7.61 27.01 43.83 33.72 311.15 315.07 322.62 322.62 323.91 323.26 319.82 316.56 313.62 310.96 321.86 334.37 340.19 347.22 353.83 357.9 1.29 4.21 6.6 9.03 12.75 15.99 16.02 16.55 14.04 7.46 359.58 344.39 329.04 316.85 307.83 302.19 286.89 264.93 257.34 257.43
244.15 240.81 242.31 245.78 247.03 247.06 247.91 245.41 240.32 237.64 235.73 232.79 231.01 231.38 233.95 234.49 230.71 225.51 220.98 217.81 209.84 203.12 199.78 204.61 224.79 234.26 233.49 229.29 226.95 231.42 243.97 248.69 248.29 312.22 12.24 36.09 35.84 12.38 336.86 323.2 322.62 322.62 325.3 325.84 322.54 319.34 316.41 313.74 321.91 332.86 338.67 346.27 353.41 357.76 1.37 4.42 6.87 9.37 13 15.99 15.98 15.74 12.6 6.67 359.64 347.87 335.48 324.26 314.91 308.84 292.85 268.11 259.18 258
233.85 237.3 247.9 251.29 250.08 247.67 247.68 243.3 235.95 232.72 231.13 228.53 226.84 226.81 228.12 227.89 224.93 221.76 219.38 217.75 211.54 206.18 204.17 211.84 235.12 241.94 236.58 228.99 226.1 228.86 235.42 234.53 231.34 256.92 310.68 347.93 357.8 348.05 333.95 324.05 320.54 321.38 326.36 329.06 327.13 324.99 322.48 319.64 324.91 332.8 336.54 342.89 350.04 354.36 357.8 1.05 4.02 7.04 10.75 13.8 14.42 14.43 12.34 8.72 4.35 356.61 347.05 337.25 327.72 320.53 302.94 272.07 260.52 257.99
225.15 233.17 249.67 252.34 247.33 240.48 238.02 230.65 221.75 219.43 218.98 216.79 215 214.74 216.32 217.75 217.76 218.62 220.33 222.11 218.45 215 215.38 225.54 243.85 245.3 237.38 228.95 226.46 228.7 233.03 232.57 234.44 255.7 274.9 280.58 301.43 314.81 317.07 316.05 314.87 317.58 326.23 332.87 334.66 335.93 334.94 331.79 333.56 336.16 334.71 336.61 342.21 345.69 348.13 351.52 355.71 0.05 4.28 8.08 10.51 12.57 13.88 14.72 14.71 11.75 6.4 0.34 352.69 344.39 327.73 283.61 263.36 258.09
220.5 230.06 248.13 249.97 241.27 229.84 223.99 215.6 208.94 208.9 209.67 207.72 205.8 205.59 208.26 212.06 214.64 218.7 223.38 226.98 223.66 220.46 221.84 230.48 241.87 239.96 233.3 228.15 226.93 228.71 231.65 231.34 235.47 257.79 274.66 277.13 287.92 298.36 303.62 307.23 309.36 312.98 324.2 333.78 338.37 342.76 343.29 340.22 340.12 339.78 335.61 334.29 337.76 340.32 341.94 344.93 349.74 355.14 0 4.55 8.3 11.97 15.55 19.01 20.45 18.71 15.53 11.64 5.93 358.66 347.72 309.59 276.57 264.14
218.97 228.29 246.26 248.09 238.3 226.05 220.13 214.01 209.72 210.37 210.61 207.62 205.28 205.29 208.88 213.63 216.4 221.55 227.26 230.83 225.95 221.71 223.08 229.04 234.96 231.25 227.23 226.69 226.93 227.91 229.12 227.84 232.43 258.11 277.96 278.71 283.36 288.87 293.13 299.51 305.01 308.51 320.87 331.53 336.43 342.49 344.17 341.47 341.73 341.73 337.97 335.78 337.76 339.85 341.27 343.76 348.62 354.62 0 4.87 8.87 12.79 16.6 20.25 20.57 17.77 14.65 10.72 5.29 358.82 349.59 322.13 293.26 275.01
213.43 221.58 238.9 239.67 226.77 213.07 206.59 201.92 200.17 201.99 202.5 199.89 198.11 198.53 202.14 206.74 209.2 215.41 223.12 227.57 221.31 216.39 217.95 221.65 223.71 219.36 217.46 220.09 221.16 221.46 222.2 221.75 228.27 258.2 281.29 280.61 279.54 279.57 281.98 290.55 298.84 301.37 313.66 324.64 328.79 336.97 340.53 338.41 339.98 341.42 338.81 336.63 337.67 339.36 340.54 342.3 346.95 353.43 359.41 5.04 9.94 14.42 18.31 21.89 21.37 18.89 17.63 15.15 10.77 5.45 359.64 344.37 318.23 290.72
194.12 194.73 193.13 176.91 165.8 162.82 159.36 156.22 155.52 157.1 161.46 166.77 169.9 171.23 170.35 167.65 165.47 162.82 164.24 171.54 178.79 181.47 183.37 185.47 187.52 188.76 190.57 192.03 190.13 189.12 194.29 204.47 220.53 258.28 284.62 283.66 278.64 274.64 275.6 283.82 291.27 291.93 301.22 309.87 311.27 321.03 327.79 326.81 331.27 336.3 336.49 335.98 337.25 338.85 339.74 340.41 344.07 350.38 356.9 4.73 12.51 18.27 21.56 24.25 24.39 25.81 30.4 31.31 28.43 25.29 26.1 30.57 22.98 3.3
178.77 173.14 157 142.37 138.1 138.79 137.59 135.03 132.83 132.69 136.94 144.63 149.96 151.92 149.79 145.11 141 132.01 124.74 126.91 142.4 152.19 153.35 153.21 155.23 162.55 168.17 168.21 164.22 159.94 162.17 186.73 220.73 262.06 284.27 284.42 280.49 276.79 276.9 282.92 288.12 288.12 295.76 302.87 303.2 313.27 321.34 320.97 326.14 332.68 334.48 335.12 336.7 338.31 338.93 338.54 341.15 347.35 354.38 4.81 15.88 22.09 24.11 26.11 28.42 34.28 42.58 42.51 37.91 35.43 37.5 42.55 38.84 32.87
178.83 173.9 161.91 149.88 143.33 141.16 139.35 136.06 132.43 131.64 135.56 142.8 148.07 150.62 150.4 147.44 143.22 132.17 121.66 123.74 140.92 151.58 152.76 151.38 151.52 159.42 167.02 168.64 165.42 159.5 153.77 196.37 245.85 269.35 279.38 280.44 281.85 281.99 281.45 284.88 288.12 288.12 295.76 302.87 303.2 314.21 322.78 322.5 326.91 332.81 334.48 334.96 336.25 337.75 338.14 336.81 338.8 345.59 353.27 6.03 19.54 24.56 25.05 27.11 32.32 41.88 50.72 45.73 37.33 34.23 35.03 36.66 31.21 24.07
175.83 171.62 162.59 153.4 146.6 142.73 140.43 136.45 131.38 129.82 133.26 139.77 144.66 147.59 149.31 148.19 144.42 131.86 118.09 119.69 138.05 149.67 150.93 147.95 144.77 152.14 162.32 166.58 165.27 158.87 134.56 335.06 285.13 277.4 275.44 277.54 284.46 288.14 286.83 287.88 289.19 288.98 296.57 303.2 302.79 313.64 322.42 322.37 326.38 331.95 333.63 334.05 335.1 336.49 336.54 333.73 334.05 340.57 347.1 1.01 18.22 22.69 22.52 25.27 34.45 49.78 58.87 46.8 34.23 30.32 29.74 28.85 22.98 16.16
156.95 155.27 151.07 147.74 144.34 141.07 138.59 133.78 127.14 124.54 126.95 131.81 134.89 136.67 139.84 141.89 140.9 129.04 113.9 113.7 129.23 141.06 142.62 137.33 128.22 129.95 139.9 150.96 158.05 156.64 101.25 18.27 358.67 325.52 288.81 291.15 304.95 309.05 304.44 302.1 299.89 296.84 303.3 306.24 301.53 307.08 313.99 314.71 319.43 325.79 328.19 329.04 330.14 331.44 330.75 324.72 319.76 321.04 316.32 312.69 321.41 341.52 353.61 1.64 13.12 34.46 47.71 26.24 13.46 8 4.05 1.03 358.79 355.91
142.89 143.49 142.72 142.62 141.96 140.15 137.83 132.38 124.51 121.14 122.98 126.85 128.85 129.6 132.39 135.55 136.51 126.76 113.46 112.28 123.87 134.16 135.84 129.35 117.89 117.04 123.5 134.81 147.38 150.64 80.41 33.5 41.31 53.46 56.74 30.42 359.17 346.68 336.9 328.82 320.22 311.15 314.87 314.11 306.09 305.65 308.65 309.29 314.1 320.68 323.51 324.69 325.91 327.16 326.03 318.41 311.11 309.52 300.39 291.85 293.73 308.47 324.22 334.78 340.62 342.87 350.02 356.51 354.38 349.44 343.38 338.67 339.55 340.8
141.02 142.42 142.61 142.62 142.71 141.89 139.86 134.02 125.09 121.14 122.98 126.85 128.85 129.23 130.82 133.18 134.34 126.6 116.25 114.97 123.88 132.47 134.14 127.13 114.81 113.68 117.1 124.24 136.05 138.46 70.96 37.61 43.25 46.23 39.19 19.02 359.38 348.75 340.39 334.39 327.59 318.9 323.18 322.76 314.69 310.25 309.34 309.29 313.71 319.89 322.63 323.82 325.05 326.32 325.26 317.97 311.11 309.34 298.99 289.01 290.56 301.83 316.15 327.88 335.71 340.02 348.43 356.72 354.9 350.43 344.34 338.09 337.94 339.76
138.93 141.27 142.49 142.64 143.48 143.59 141.83 135.69 125.78 121.24 123.06 126.92 128.89 128.88 129.17 130.59 131.94 126.36 118.84 117.51 123.91 130.77 132.48 124.94 111.71 110.3 110.1 110.47 117.53 116.14 61.98 42.01 44.75 39.9 28.69 13.48 359.44 350.26 342.99 338.4 332.98 325.06 329.44 329.17 321.51 314.46 310.15 309.37 313.36 319.08 321.7 322.88 324.11 325.39 324.41 317.48 311.06 309.13 297.54 286.07 287.24 294.09 304.62 316.07 326.14 333.39 343.31 356.45 355.21 351.27 345.32 337.68 336.24 338.61
134.81 138.53 141.68 143.24 146.12 148.21 147.7 142.35 131.83 125.87 126.58 129.41 130.54 129.44 127.7 127.15 127.47 123.04 118.42 118.81 124.9 132.24 136.32 130.38 115.57 114.78 111.26 101.62 100.38 82.38 13.41 8.76 12.06 9.76 6.16 2.37 357.49 351.42 345.16 343.08 342.52 340.47 344.1 341.76 333.67 324.3 316.02 312.82 314.51 318.33 320.03 320.61 321.37 322.45 321.46 314.87 309.3 307.9 295.83 283.41 283.88 286.6 289.22 289.66 287.11 284.5 286.23 339.99 351.22 352.45 350.9 345.6 340.47 337.82
130.19 135.01 139.81 142.79 147.95 152.14 153.01 149.21 139.73 132.85 131.83 133.02 133.02 130.9 127.4 125.18 124.47 119.3 115.06 116.94 123.18 131.65 139.31 137.2 122.63 126.21 122.08 62.42 353.21 323.03 321.34 322.62 327.23 337.52 346.36 353.32 355.8 352.33 346.8 345.97 349.75 354.71 356.18 351.79 344 334.35 323.87 318.25 317 318.27 318.87 318.76 318.82 319.59 318.51 311.92 306.77 305.96 294.38 282.31 282.51 286.19 288.08 286.03 279.41 273.03 272.65 323.98 346.63 352.98 356 354.25 346.74 338.75
126.59 131.97 137.43 140.51 146.77 151.94 153.01 149.72 141.74 135.78 134.41 134.93 134.61 132.29 128.02 125.18 124.26 117.39 111.19 112.84 116.92 123.21 130.56 126.71 107.9 107.08 90.03 30.52 356.55 334.17 324.55 322.62 326.1 335.04 344.27 352.58 355.92 353.07 347.92 345.84 348.78 354.2 356.47 352.82 345.97 337.17 327.13 321.61 319.18 318.8 318.87 318.51 318.05 318.55 317.38 310.43 304.95 304.21 293.38 282.31 282.73 290.31 294.82 292.15 280.03 266.96 265.07 319.21 345.3 352.3 355.8 354.62 348.39 340.67
122.62 128.62 134.8 137.98 145.5 151.75 153.01 150.22 143.58 138.44 136.77 136.71 136.12 133.62 128.63 125.18 124.05 115.41 107.1 108.49 109.88 112.77 118.75 112.37 90.32 83.3 57.97 19.2 357.69 340.36 327.33 322.62 324.9 331.99 341.45 351.65 356.03 353.68 348.87 345.71 347.62 353.58 356.73 353.62 347.51 339.45 329.89 324.54 321.19 319.31 318.87 318.26 317.26 317.47 316.2 308.86 303.05 302.39 292.36 282.31 282.95 294.23 300.9 297.78 280.64 260.95 257.66 313.31 343.68 351.49 355.59 354.94 349.68 342.29
119.07 124.7 130.33 132.16 139.59 146.38 147.5 144.75 139.47 136.39 136.24 137.34 138.18 137.19 133.03 130.33 130.5 120.28 108.2 109.98 109.31 108.58 111.61 99.46 76.35 68.84 53.76 34.71 23.26 16.56 14.55 15.1 14.14 11.14 7.2 1.94 356.64 351.75 345.15 335.97 325.03 317.48 338.02 344.24 342.49 337.89 331.16 327.83 325.2 322.7 321.54 320.15 317.95 316.94 314.49 305.95 299.89 300.43 292 282.96 284.21 300.71 312.21 311.7 288.76 259.19 258.36 302.65 331.88 339.19 342.77 344.34 344.56 341.98
116.95 122.15 127.16 127.75 134.61 141.46 142.38 139.42 134.62 132.87 134.03 136.25 138.76 139.77 137.16 136.3 139.53 130.26 113.84 117.19 117.49 114.93 113.69 94.2 70.12 64.8 55.9 44.73 38.9 39.77 48.58 54.76 51.5 41.58 28.42 11.19 357.41 350.27 342.47 331.69 318.21 307.51 323.64 334.45 336.42 334.99 331.13 329.99 328.84 326.74 325.1 322.94 319.71 317.48 313.47 302.36 294.47 296.09 289.69 282.22 284.1 305.11 323.58 331.66 317.92 280.48 274.81 300.7 320.8 326.2 328.75 332.17 337.42 340.2
115.69 121.37 126.82 127.36 134.43 141.48 142.42 139.17 133.79 131.81 132.77 134.4 136.71 137.72 134.24 132.53 136.15 126.19 108.27 111.19 117.14 119.95 117.76 94.4 66.41 60.74 52.58 42.59 37.38 39.03 49.45 56.8 51.35 37.5 23.85 9.54 357.83 351.23 344.3 336.69 326.74 316.14 324.3 332.73 335 334.12 330.99 330.19 329.42 327.77 326.26 324.07 320.82 318.52 313.72 299.24 287.49 288.82 284.07 278.68 280.23 299.32 318.79 329.14 330.44 313.17 297.77 306.91 319.02 323.37 325.33 328.06 333.8 338.49
114.48 120.76 126.77 127.36 134.72 141.97 142.95 139.41 133.34 131 131.58 132.36 134.18 134.89 129.98 126.68 130.05 118.9 100.29 102.04 114.84 123.88 121.54 95.13 63.01 56.85 49.06 39.75 34.82 36.75 48.3 56.8 49.14 32.47 19.45 7.82 358.11 352.18 346.08 340.72 333.32 323.63 326.09 331.77 334 333.43 330.84 330.19 329.67 328.45 327.1 324.96 321.81 319.57 314.09 295.98 279.83 280.61 277.85 274.8 275.87 291.32 309.5 320.39 336.17 329.63 314.52 312.86 318.1 321.4 322.67 324.13 329.71 336.55
117.32 125.43 133.08 134.5 143.02 151.26 153.82 152.29 147.36 144.55 143.96 143.42 144.8 145.63 139.99 135.4 139.85 126.76 97.86 98.83 125.39 142.96 143.84 101.4 37.97 32.34 29.03 28.11 31.82 40.83 55.08 62.09 52.51 33.96 21.64 11.54 0.73 352.51 344.47 340.71 337.82 332.71 333.87 338.62 342.57 344.85 345.6 346.72 347.56 347.18 345.8 343.57 340.22 336.77 329.9 305.75 278.55 277.81 275.23 273.24 273.5 280.34 287.73 289.74 319.61 330.44 325.82 324.25 326.73 329.69 330.63 329.73 330.76 334.37
122.81 133.85 143.82 147.05 156.56 165.54 170.99 174.43 174.94 172.78 170.2 168.61 169.5 171.19 171.16 173.13 179.19 185.45 197.1 158.24 172.91 185.4 199.28 259.29 331.24 339.38 349.82 10.84 34.52 51.74 62.32 64.78 54.72 35.94 24.36 15.18 3.17 353.01 343.16 339.35 339.88 340.24 343.54 349.73 356.77 3.27 8.53 12.09 14.05 13.85 12.46 10.66 7.76 3.27 357.47 340.24 298.42 288.78 280.97 276.74 276.15 277.62 279.28 279.4 303.79 324.2 330.62 337.05 342.41 345.98 347.17 343.9 337.68 334.17
121.5 134.01 145.23 149.15 158.89 168.38 175.04 180.11 181.88 179.94 177.16 175.59 176.4 178.36 181.03 186.97 192.59 204.94 228.42 209.45 193.1 203.07 220.41 270.35 316.43 325.45 333.07 9.21 56.89 66.48 64.8 61.9 51.58 33.38 22.68 14.24 3.16 354.02 344.97 339.88 339.77 341.4 344.92 351.8 0.52 8.57 14.61 18.59 20.11 19.06 17.48 15.65 12.64 8.24 3.21 351.95 322.78 305.99 291.55 283.34 281.76 279.65 278.27 278.27 297.71 318.03 327.35 338.12 345.92 349.95 351.53 348.47 341.64 336.19
117.38 130.74 142.93 147.04 156.88 166.99 174.42 180.12 181.85 179.94 177.27 175.57 176.26 178.29 181.1 187.69 193.73 204.37 215.81 199.87 195.36 216.56 236.03 278.1 312.21 320.84 317.74 125.86 105.91 85.29 66.29 58.02 47.59 30.21 20.37 12.6 2.73 354.88 346.96 340.87 339.16 340.83 343.49 350.36 0.62 9.73 15.78 19.84 20.74 18.81 17.02 15.03 11.81 7.58 2.87 353.67 334.07 318.61 301.68 290.32 287.9 282.49 278.27 278.27 293.03 310.75 320.35 334.6 344.81 349.33 351.56 349.56 343.88 338.31
116.82 131.08 142.98 145.63 153.59 163.02 170.2 176.37 179.73 180.76 181.47 183.38 186.62 190.35 198.58 209.69 210.59 217.63 223.12 210.95 216.57 252.33 258.94 284.82 306.74 312.48 285.87 209.01 175.57 124.08 39.43 26.75 18.92 9.86 5.41 1.94 358.55 355.63 352.16 349.1 348.97 352.17 355.51 0.85 7.39 12.85 16.64 19.99 20.1 17.92 16.8 15.29 11.78 7.03 1.79 353.27 338.88 326.35 309.79 296.73 293.65 285.5 278.71 278.52 287.7 299.2 304.61 318.59 331.14 335.99 340.46 342.65 340.9 337.95
120.89 135.75 145.83 145.85 150.23 157.4 163.28 169.77 176.25 182.11 188.23 196.01 203.01 208.31 219.48 228.55 225.34 227.49 228.64 218.82 233.49 278.38 276.55 289.87 302.78 305.14 275.13 233.42 228.26 251.53 299.13 315.72 326.21 339.38 344.37 347.32 352.66 356.07 358.49 1.65 7.14 12.66 17.59 19.46 17.84 16.46 16.99 19.19 18.68 16.89 16.97 16.08 12.02 6.48 0.51 352.31 341.04 331.11 316.03 302.49 298.97 289.12 280.55 280.01 284.7 290.4 292.03 302.53 314.4 318.72 325.33 332.43 335.14 335.68
123.2 138.54 147.86 146.94 148.86 154.08 159.43 166.24 174.42 182.91 191.78 201.95 209.94 215.12 223.87 228.71 224.76 224.89 223.93 214.76 233.34 291.52 287.82 294.46 302.14 303.2 278.27 245.57 243.01 261.02 288.77 300.81 312 329.28 336.99 341.83 350.13 355.97 0.71 6.67 15.09 21.57 25.22 23.97 19.99 17.2 17.38 19.33 18.56 16.88 17.38 16.24 11.49 5.88 0.12 352.72 343.3 334.78 321.01 307.6 303.82 293.26 283.71 282.9 284.78 287.4 288.12 297.31 308.38 312.39 319.58 328.24 332.38 334.14
