malcata_maps/malcata_slope.grass
north: 40:14:17.01N
south: 40:12:39.7468N
east: 7:02:14.5154W
west: 7:04:21.43W
rows: 400
cols: 400
[rows 280 to 314 of 400, columns 79 to 157 of 400]
57.72 59.08 61.72 64.72 69.76 75.03 77.82 79.29 78.1 75.44 70.93 67.88 68.1 67.04 61.39 52.16 42.1 32.6 24.02 15.94 10.26 9.87 9.41 14.16 19.01 21.05 29.59 38.49 41.61 46.33 51.42 55.42 59.97 63.47 64.37 64.13 63.27 61.9 60.58 59.83 59.65 58.12 51.95 46.85 45.07 42.75 41.39 41.39 40.4 39.44 39.39 40.55 41.69 40.65 41.15 43.6 44.64 43.01 40.57 41.11 44.34 49.06 53.5 57.17 61.31 62.49 60.21 59.43 58.8 56.82 54.69 53.39 53.26 54.31 56.43 58.48 56.08 50.99 49.11
58.08 59.93 62.92 65.79 70.93 76.25 78.9 79.1 76.64 73.76 69.86 67.38 67.59 65.81 59.87 50.89 40.97 31.89 23.66 16.41 13.29 13.53 13.54 18.3 23.03 24.85 33.81 43.09 45.92 50.39 55.27 58.98 62.19 63.98 64.35 63.74 62.21 60.51 59.44 59.38 59.63 57.93 51.19 45.83 44.12 42.39 41.53 41.53 40.57 39.66 39.67 40.48 41 39.81 40.61 43.71 45.02 43.95 42.48 43.33 46.57 51.57 56.11 59.23 61.31 60.65 58.28 57.34 56.57 54.49 53.36 53.25 53.22 55.17 58.48 60.76 57.47 51.21 48.99
68.9 70.6 70.82 69.82 70.99 72.36 70.92 66.33 60.13 55.25 49.27 43.43 39.41 33.18 27.55 23.1 17.41 13.33 11.57 13.3 18.92 24.55 29.36 35.98 41.53 44.84 52.06 58.63 59.75 61.86 64.02 64.92 64.84 64.08 63.52 62.36 60.35 58.71 58.12 58.61 58.94 56.95 50.53 46.85 47.31 47.36 47.21 47.21 47.18 48.35 50.73 53.27 54.91 55.25 57.01 60.24 61.8 61.55 60.78 60.9 62.34 64.9 66.67 66.72 65.16 62.2 59.24 57.6 56.15 53.54 52.6 52.63 51.79 53.81 57.58 59.2 54.26 46.56 44.75
79.88 80.66 77.41 72.52 69.32 66.39 61.05 52.46 43.18 36.48 28.34 19.19 11.94 1.3 12.77 19.52 21.61 23.72 25.99 29.57 36.49 44.39 51.37 58.43 63.7 67.36 72.08 74.39 72.72 71.6 70.35 68.14 65.58 63.48 62.37 60.85 58.69 57.27 57.04 57.72 57.9 55.91 50.71 49.07 51.64 52.87 52.92 52.92 54.22 57.82 62.53 66.92 70.07 72.2 75.24 78.86 80.75 80.8 79.55 78.24 77.53 77.09 75.56 72.55 68.28 63.84 60.27 57.88 55.7 52.5 51.25 50.9 49.17 51.31 55.76 56.99 51.43 43.33 41.98
80.8 80.32 76.24 71.25 67.39 63.67 58.08 49.56 40.59 33.52 25.31 16.61 8.38 6 17.41 23.16 24.73 26.13 27.97 31.94 40.66 49.54 55.75 61.44 65.71 69.27 72.6 73.32 71.6 70.19 68.56 66.22 64.07 62.61 61.7 60.17 58.03 56.61 56.36 57.01 57.17 55.53 51.65 50.67 53.08 53.49 52.92 52.92 55.22 59.91 64.53 68.35 70.89 72.88 75.88 79.37 81.2 81.01 79.36 77.87 77.01 76.09 74.18 71.1 66.64 62.04 58.36 55.72 53.31 49.95 48.74 48.54 46.76 49.68 55.42 56.99 52.21 45.23 44.13
81.83 80.01 75.4 70.33 65.89 61.45 55.64 47.41 39.14 31.92 24.35 17.71 11.52 12.98 22.18 26.94 28.04 28.73 30.14 34.58 45.34 55.43 60.85 64.85 67.91 71.36 73.13 72.29 70.53 68.84 66.85 64.4 62.6 61.75 61.03 59.51 57.38 55.97 55.7 56.32 56.45 55.16 52.61 52.39 54.64 54.13 52.92 52.92 56.32 62.32 66.87 69.96 71.78 73.62 76.55 79.89 81.66 81.23 79.17 77.51 76.52 75.16 72.92 69.76 65.17 60.46 56.68 53.8 51.13 47.62 46.38 46.29 44.42 48.07 55.07 56.99 53.01 47.18 46.39
62.4 55.26 49.3 44.66 40.23 35.51 29.45 20.85 14.04 8.57 7.94 15.37 21.03 29.35 38.98 45.16 48.71 51.47 54.53 59.54 68.69 76.35 78.8 78.91 78.44 79.19 77.95 75.69 74.27 73.22 72.55 71.9 71.8 72.05 71.81 70.56 68.45 66.71 65.8 65.45 64.6 62.82 60.71 60.15 60.87 58.65 56.4 55.97 59.06 64 65.79 66.06 66.24 67.77 70.49 73.23 74.2 72.56 68.97 66.16 64.47 63.06 61.67 59.78 56.41 53.22 51.14 49.71 48.2 45.8 45.66 46.62 45.63 50.18 58.13 60.49 57.32 52.27 50.91
39.74 27.69 20.56 16.39 11.94 7.96 6.55 8.63 15.48 19.74 26.97 37.14 44.91 53.57 63.13 70.51 75.82 80.02 84.29 89.51 95.5 98.28 96.58 92.64 88.61 86.17 82.68 79.96 78.96 79.04 80.43 82.05 83.73 84.86 85.1 84.09 81.83 79.64 77.99 76.5 74.45 71.81 69.31 67.78 66.78 63.18 60.16 59.24 61.15 63.87 62.75 60.93 60.28 61.62 63.9 65.7 65.72 62.77 57.47 53.4 51.15 50.26 50.2 49.66 47.55 46.01 45.84 46.05 45.86 44.81 46.06 48.35 48.51 53.96 62.54 65.32 62.38 57 54.48
33.68 23.32 18.12 14.08 8.98 2.46 5.02 12.85 20.05 23.93 32.19 43.89 51.66 59.97 69.32 76.55 81.47 85.01 88.98 93.89 98.41 99.61 97.43 92.93 88.43 85.63 82.35 80.01 79.05 79.73 81.95 83.89 85.46 86.28 86.44 85.25 82.63 80.24 78.42 76.57 74.22 71.55 69.41 68.1 66.92 63.25 60.23 59.25 60.75 62.85 61.38 60.21 60.52 62.02 63.79 64.74 64.38 61.09 55.32 51.03 48.85 48.58 49.11 48.69 46.7 45.31 45.32 45.51 45.24 44.31 45.84 48.5 48.82 54.6 63.63 66.55 63.18 57.09 54.2
30.69 22.71 19.36 15.65 11.77 8.46 9.53 16.35 22.76 26.23 35.88 49.42 57.19 64.99 73.94 80.83 85.1 87.68 91.13 95.57 98.63 98.66 96.44 91.8 87.21 84.37 81.52 79.6 78.64 79.84 82.79 84.83 86.06 86.42 86.44 85.02 82.04 79.5 77.57 75.48 72.93 70.32 68.59 67.62 66.45 62.85 59.91 58.93 60.11 61.78 60.26 59.97 61.44 63.16 64.37 64.48 63.81 60.3 54.27 49.93 47.83 48.1 49.11 48.69 46.7 45.31 45.31 45.3 44.82 43.88 45.55 48.47 48.82 54.87 64.33 67.37 63.5 56.67 53.52
8.36 6.62 12.95 15.41 20.25 26.08 31.85 38.39 43.94 47.83 56.09 67.12 72.31 76.75 82.05 85.42 85.84 84.15 83.79 84.86 84.94 83.89 82.13 78.46 76.11 76.21 76.04 75.88 76.04 78.58 82.54 84.72 85.3 84.39 83.24 80.54 76.25 72.77 70.08 67.25 64.19 61.36 59.96 59.4 58.27 55.01 53.14 53.68 55.93 57.93 56.74 56.93 58.11 58.19 57.27 55.73 54.4 50.55 44.93 42.63 42.96 44.74 45.85 44.77 42.09 40.17 39.8 39.24 38.22 36.95 38.71 41.83 41.69 47.93 57.56 59.72 54.19 45.74 42.57
19.66 27.87 36.49 42.56 49.3 55.8 61.63 67.48 72.42 76.41 82.33 88.05 88.45 88.05 88.37 87.21 83.24 77.02 72.46 70 67.78 66.34 65.27 63.44 64.17 67.78 70.29 71.79 73.33 77.29 82.1 84.37 83.97 81.29 78.59 74.39 68.66 64.06 60.42 56.8 53.16 50.08 49.23 49.33 48.32 45.79 45.37 47.75 51.24 53.5 52.74 52.71 52.41 50.35 47.54 44.9 43.19 39.44 34.73 34.84 37.97 40.79 41.3 39.42 36.04 33.55 32.73 31.5 29.84 28.19 30.2 33.75 33.26 39.66 49.33 51.32 46.43 38.83 35.91
27.18 36.13 45.43 51.55 58.2 64.45 70.06 75.42 79.94 83.85 88.71 92.03 90.83 89.06 87.87 85.45 80.51 73.42 68 64.98 63.1 62.17 61.48 61.63 64.14 68.3 70.52 71.66 73.48 77.82 82.87 85.15 83.77 79.78 76.47 71.92 65.92 61.09 57.18 53.3 49.45 46.3 45.97 46.7 45.81 44.39 44.91 47.61 50.68 52.16 51.43 50.73 49.2 46.37 43.49 41.24 39.68 36.93 34.02 35.03 38.18 39.92 39.36 37.34 34.11 31.7 30.78 29.19 27.19 25.42 27.28 30.8 30.25 35.79 44.25 46.06 43.4 39.23 37.51
29.67 39.81 49.81 55.45 61.54 67.35 72.73 77.53 81.53 85.34 89.29 91.06 89.33 87.31 85.69 83.02 78.07 71.11 65.72 62.82 61.77 61.51 61.09 63.24 67.36 71.33 72.43 72.65 74.43 78.85 84 86.28 83.91 78.82 75.21 70.65 64.76 60 56.01 52.05 48.1 44.88 44.86 46.1 45.31 45.08 46.52 49.13 51.26 51.69 50.89 49.48 46.95 43.76 41.14 39.5 38.14 36.53 35.76 37.52 39.89 39.91 38.26 36.27 33.38 31.23 30.28 28.47 26.25 24.41 25.89 29.14 28.51 32.82 39.62 40.95 40.4 39.82 39.56
45.05 54.66 63.76 68.19 72.52 76.37 79.95 82.26 83.44 84.7 85.91 85.76 83.81 82.12 81.08 79.34 75.66 70.49 67.15 66.07 66.29 66.31 65.65 68.01 71.14 72.22 70.3 68.81 70.23 74 77.77 78.18 72.71 64.63 59.65 54.36 48.49 44.74 42.34 40.85 40.21 40.31 42.59 44.64 43.9 44.24 45.46 46.58 46.71 45.86 45.01 43.51 41.49 39.7 38.48 37.54 36.15 35.06 35.26 36.28 36.17 33.48 30.99 29.65 27.5 26.03 25.68 24.17 22.32 21.08 23.22 27.17 27.11 30.63 35.79 36.5 37.37 39.53 40.44
67.57 75.56 82.3 84.78 86.54 87.53 88.47 87.23 84.32 81.81 79.81 78.15 76.3 75.41 75.76 75.71 74.09 71.81 71.74 73.43 74.77 74.46 73.08 73.34 72.74 69.52 65.05 62.66 63.57 65.8 66.86 64.72 55.5 43.54 36.75 30.78 24.94 22.57 22.88 25.82 30.4 35.31 40.4 42.73 41.98 42.08 42.13 41.26 39.43 37.6 36.77 35.86 35.51 36.07 36.4 35.54 33.68 32.41 32.35 32.01 29.67 24.87 21.91 21.45 20.09 19.37 19.78 18.52 17.14 16.83 20.46 25.84 26.7 29.71 33.31 33.43 34.44 37.14 38.37
76.65 83.83 89.38 91.1 91.58 91.24 91.24 88.26 83.43 79.51 76.62 74.82 73.09 72.67 73.89 74.6 73.95 73.17 74.45 76.86 77.8 76.78 75.01 73.54 70.52 65.58 61.93 61.05 61.81 62.3 60.85 57.57 47.18 34.08 26.68 21.33 16.92 15.46 17.38 23.73 30.65 36.16 40.53 41.68 40.89 40.59 39.92 38.4 36.26 34.43 33.64 33.58 34.57 35.99 36 33.98 31.47 29.91 29.5 28.65 26.14 21.95 19.51 19.32 18.43 18.07 18.6 16.99 15.46 15.46 19.88 26.09 27.27 29.27 31.14 30.72 31.16 32.96 33.87
78.74 85.43 90.44 92.13 92.06 91.24 91.24 87.5 82.03 77.98 75.26 73.79 72.14 71.94 73.66 74.6 74.32 74.31 75.93 77.94 77.7 75.87 73.95 71.37 67.16 61.95 60.27 61.7 62.48 61.29 57.74 53.92 43.52 31.06 23.72 18.83 16.13 15.46 18.28 27.47 35.83 40.04 41.72 41.11 40.27 39.63 38.6 37.02 35.19 33.71 32.92 33.72 35.81 37.42 36.27 32.68 29.57 27.8 27.11 26.06 23.9 21.05 19.51 19.41 18.95 18.9 19.38 17.32 15.46 15.46 20.22 26.92 28.14 28.85 28.86 27.86 27.59 28.27 28.75
72.73 77.56 81.39 82.3 81.27 80.27 80.96 77.13 72.43 70.33 69.5 69.34 68.35 68.92 71.7 73.36 73.27 72.35 71.54 70.56 68.17 66.47 65.85 63.34 58.81 53.97 54.04 56.92 56.54 52.75 47.01 43.05 32.68 21.1 15.82 13.1 13.04 13.95 18.12 29.61 38.03 39.09 36.45 33.99 33.84 33.71 33.32 32.62 31.76 31.06 30.7 32.37 35.04 36.1 33.26 28.41 25.81 25.07 25.23 24.87 23.53 21.84 20.77 20.42 20 19.83 19.83 17.26 15.37 15.82 21.04 27.96 29.08 28.69 27.5 26.4 25.53 24.69 23.98
59.39 62.22 65.1 64.84 63 62.22 63.9 59.95 56.62 58.1 60.5 62.23 62.31 64.19 68.6 71.4 70.8 66.34 60.16 54.82 51.42 51.49 53 50.69 46.06 42.18 43.68 47.13 45.21 38.87 31.38 28.48 19.05 6.69 3.51 5.42 9.67 12.4 17.6 29.35 36.51 34.91 28.87 24.72 25.29 25.93 26.55 27.13 27.37 27.46 27.78 29.85 32.12 32.16 28 22.53 21.25 22.59 24.67 26.03 26.12 24.97 23.43 22.29 21.2 20.25 19.34 16.81 15.57 16.82 22.42 29 29.84 28.99 27.79 27.52 26.66 24.56 22.47
51.68 54.74 58.23 57.67 56.78 57.05 58.85 54.47 51.18 54.03 57.34 59.24 59.61 62.31 67.86 71.35 69.37 61 50.95 44.18 44.03 47.54 49.31 44.99 39.11 35.59 37.03 40.17 37.86 30.98 23.42 21.77 15.78 7.53 4.34 5.9 11.01 14 18.57 28.24 33.81 32.39 27.79 24.44 24.73 25.2 25.81 26.58 26.71 26.68 27.19 28.67 29.79 29.28 25.6 21.08 20.54 22.66 25.61 27.8 28.27 26.52 24.19 22.53 20.95 19.45 18.05 16.61 16.58 18.1 23.57 29.46 30.1 29.38 28.66 28.97 27.8 24.66 21.92
49 52.93 57.36 56.86 57.72 59.61 61.34 57.01 53.54 56.23 58.66 59.51 59.61 62.64 68.88 72.68 68.99 57.73 46.42 39.5 43.29 50.71 51.86 44.66 37.28 33.56 33.86 35.89 33.25 26.22 18.47 16.64 13.2 8.3 6 8.22 13.82 16.93 20.32 27.09 30.78 29.94 27.89 26.48 26.75 27.18 27.76 28.47 28.1 27.58 28.06 28.51 28.29 27.44 24.94 22.2 22.16 24.23 27.17 29.31 29.19 26.1 23.08 21.34 19.66 18.05 16.61 16.68 18.08 19.48 24.44 29.55 30.1 29.7 29.38 29.78 27.66 23.1 19.71
47.54 52.57 57.84 57.45 59.3 61.58 62.11 57.21 53.38 55.92 57.05 56.02 54.96 57.55 63.78 66.85 60.28 46.35 36.9 32.23 39.99 50.34 49.39 37.54 28.23 25.27 26.07 28.58 26.6 20.27 13.39 12.35 11.28 9.31 8.24 10.67 16.36 19.14 21.07 25.54 28.09 27.99 27.99 28.03 28.13 28.33 28.61 28.91 27.45 25.74 25.64 24.85 23.64 23.02 21.83 20.36 20.03 21.3 23.59 24.9 23.08 17.29 13.55 13.13 12.43 11.61 11.07 13.31 15.91 16.29 20.86 25.8 26.33 26.16 26.05 26.28 22.63 16.16 12.85
48.53 54.96 60.72 60.55 61.24 60.89 58.68 53.68 50.55 52.91 51.55 46.85 43.35 44.71 50.55 52.41 42.62 24.42 18.59 20.76 33.32 44.26 41.02 24.38 10.64 10.06 15.1 20.71 20.97 17.2 12.79 12.16 11.23 10.41 11.15 14.62 20.53 23.04 23.73 26.59 28.34 28.18 28.17 28.2 28.27 28.6 28.88 28.89 26.27 23.77 24.32 24.44 24.34 24.89 25.28 25.44 25.84 27.12 29.29 30.95 30.28 26.16 22.13 19.62 17.33 16.23 16.22 18.29 20.82 21.39 25.18 29.39 29.85 29.88 29.73 29.31 24.78 18 15.36
50.19 57.11 62.72 62.66 60.76 56.69 52.61 50.59 51.39 53.84 49.04 40.18 34.82 35.37 41.15 43.21 34.81 17.47 10.32 16.3 28.63 37.09 34.52 21.11 10.65 10.65 15.03 20.1 21.1 19.34 16.24 14.59 11.93 10.41 12.38 16.87 23.79 26.9 27.66 30.55 32 30.83 28.47 26.86 27.19 28.24 29.18 29.47 26.28 24.08 26.4 28.89 30.5 31.43 32.08 32.98 34.48 36.69 39.61 42.51 44.16 42.66 38.48 33.78 29.19 26.56 25.68 26.38 28.48 30.28 34.25 38.19 38.62 38.83 38.85 38.29 34.31 28.5 25.28
51.33 57.68 62.72 62.56 58.02 51.18 46.63 49.05 55.34 58.22 50.06 37.9 31.76 31.22 35.72 37.23 31.16 19.38 14.39 18.8 26.11 30.07 27.83 18.11 10.65 10.65 14.14 18.27 19.35 19.08 17.55 16.23 12.15 9.47 11.72 15.89 23.85 27.77 29.1 33.53 36.01 34.18 28.76 24.81 25.21 26.79 28.19 28.49 24.03 20.89 23.51 27 29.65 30.79 31.29 31.96 33.43 35.56 38.24 41.07 43.43 43.71 40.84 36.15 30.41 26.96 26.06 26.12 27.52 29.38 33.63 38.11 38.62 39.09 39.47 39.01 35.19 29.48 26.27
50.97 56.3 60.37 59.66 52.33 43.29 38.84 45.69 57 59.52 46.86 30.58 24.71 24.52 28.66 30.16 26.9 20.63 17.12 18.56 21.32 22.68 22.19 17.05 13.2 13.2 15.51 18.65 20.07 21.3 21.22 19.97 14.71 11.59 13.5 16.19 24.45 29.18 31.3 37.2 40.52 37.93 29.81 24.08 24.64 26.62 28.3 28.47 22.76 18.92 21.59 25.57 29.12 30.87 31.71 32.45 33.78 35.54 37.61 39.8 42.11 43.92 42.81 38.32 31.3 26.73 25.57 24.66 25.09 26.58 30.92 36.16 37.04 38.11 39.07 38.71 34.88 29.2 26.17
46.5 49.78 52.17 50.19 39.89 29.44 26.98 39.1 54.3 56 39.53 17.2 11.41 14.68 20.48 24.44 27.01 28.03 27.45 26.69 26.32 27.01 27.92 26.06 24.57 24.57 25.71 27.86 29.73 31.75 32.24 30.43 24.74 20.55 19.65 19.62 26.39 31.87 35.73 43.27 47.8 45.89 38.41 32.75 32 32.62 33.15 32.25 24.98 20.23 21.87 25.08 29.24 32.7 35.36 36.88 37.71 38.39 38.83 38.85 39.46 42.06 43 39.27 31.27 25.2 23.24 20.53 18.93 19 23.3 29.64 31.47 34.13 36.49 36.35 32.08 25.92 23.3
41.84 43.43 44.6 42.24 31.27 20.85 20.17 34.66 51.4 54.22 41.67 24.59 18.42 17.24 19.27 24.51 31.29 36.73 39.2 39.85 39.65 38.8 37.61 34.94 33.42 33.42 34.12 35.81 37.78 40.14 41.19 39.17 32.99 27.15 23.9 22.4 27.23 32.66 38.09 47.05 53.04 52.94 48.11 43.06 40.72 39.78 39.03 37.08 27.92 21.87 22.55 24.71 28.71 33.47 37.8 40.26 40.82 40.79 40.29 38.89 38.33 41.57 43.85 40.64 32.2 25.23 22.91 18.7 15.37 14.6 18.43 24.32 26.48 30.99 35.51 35.93 31.07 23.96 21.3
39.49 39.96 40.06 37.49 26.94 16.92 16.07 30.12 46.39 49.25 40.08 26.87 21.65 17.64 15.43 20.6 28.49 35.3 38.69 39.49 39.79 39.3 38.07 35.1 33.42 33.42 33.86 35.29 37.29 40.18 42.55 40.89 34.37 27.66 24.06 22.7 25.92 30.3 35.88 45.17 51.52 51.92 48.84 44.93 42.7 41.96 41.4 39.56 28.71 21.56 22.25 23.93 27.43 32.25 36.93 39.99 40.82 40.96 40.87 39.74 39.45 43.44 46.25 43.1 34.51 27.36 25.19 20.16 16.05 15.3 17.78 21.92 24.05 30.03 36.73 37.78 32.36 24.31 21.3
35.64 35.52 35.01 32.52 22.56 13.08 12.14 25.7 41.41 44.24 38.2 28.9 25.07 18.53 13.78 19.38 26.06 32.76 37.03 38.33 39.43 39.5 38.37 35.17 33.18 32.95 32.84 33.61 35.06 38.14 42.19 41.32 34.82 27.52 23.73 22.26 24.07 27.64 33.25 42.78 49.45 50.25 48.81 46.01 43.78 43.16 43.04 41.9 30.2 22.37 22.63 23.55 26.4 30.66 34.71 37.91 39.09 39.61 40.34 40.02 40.53 45.56 48.9 45.63 36.72 29.45 27.59 21.92 17.03 16.15 17.11 19.39 21.14 28.27 37.18 39.04 33.24 24.33 20.91
25.37 26.83 27.74 26.88 18.07 9.6 9.34 22.1 36.72 39.03 34.6 28.62 27.69 22.46 17.93 19.09 19.33 23.39 29.05 32.7 36.27 38.06 37.74 34.76 31.79 30.09 27.85 25.48 23.44 26.04 33.25 34.84 29.8 22.81 19.4 17.89 18.55 21.56 27.2 37.35 44.45 45.29 45.32 43.56 40.97 39.16 39.69 42.35 35.43 29.04 26.48 23.93 23.11 23.38 23.93 26.38 28.39 30.32 33.58 36.59 40.65 48.62 52.84 48.49 37.94 30.32 29.72 24.84 19.62 17.76 16.64 16.26 16.04 23.64 34.43 37.36 32.07 23.04 19.13
23.78 24.64 25.39 25.09 16.63 8.46 8.46 20.02 33.15 35 30.41 25.39 26.91 25.76 21.89 17.9 13.82 15.34 20.97 26.82 32.84 36.39 36.84 34.66 31.24 28.42 24.8 20.3 16.07 19.1 26.49 28.74 25.27 19.51 16.7 14.53 13.71 16.44 21.92 32.82 40.57 41.73 44.29 44.87 42.2 34.75 31.59 38.28 39.28 35.39 30.58 24.82 20.31 17.13 15.13 16.91 19.29 21.95 26.42 31.84 39.26 51.54 58.44 53.05 39.26 29.8 30.26 27.42 23.09 20.64 18.37 16.75 16.28 23.09 32.19 34.58 30.33 22.89 19.57
25.64 25.48 25.39 25.09 16.63 8.46 8.46 18.65 30.26 31.97 26.79 21.44 23.48 24.76 22.37 17.92 14.11 14.38 18.9 25.03 31.51 35.84 36.46 35.26 32.55 29.86 26.88 23.3 19.72 20.6 24.24 25.98 24.2 20.38 18.1 14.78 12.9 16.03 20.67 31.42 39.75 41.6 47.25 50.56 47.4 32.12 23.78 32.15 37.94 37.06 32.65 26.18 20.65 17.29 15.47 16.39 18.28 20.55 24.29 29.65 37.4 53.67 64.77 58.9 41.3 28.98 29.54 28.68 26.33 24.21 21.77 19.82 19.36 23.88 29.9 31.51 28.79 23.88 21.6
27.41 26.23 25.32 25.03 16.65 8.58 8.57 17.37 27.45 29.09 23.48 18.37 21.13 24.2 23.49 19.63 15.2 14.25 18.77 24.19 30.13 35 35.78 35.62 33.86 31.38 29.32 26.93 23.96 22.22 22.16 23.4 23.21 21.29 19.6 14.99 12.48 16.38 19.59 29.74 38.59 41.06 49.89 56.05 52.46 29.43 18.21 27.88 36.05 38.56 34.88 27.84 21.28 17.81 15.79 15.8 17.31 19.36 22.81 28.09 35.18 55.32 70.88 64.61 43.23 27.96 28.52 29.59 29.42 27.67 25.08 22.81 22.4 24.67 27.62 28.43 27.2 24.79 23.57
