malcata_maps/malcata_aspect.grass
north: 40:14:17.01N
south: 40:12:39.7468N
east: 7:02:14.5154W
west: 7:04:21.43W
rows: 400
cols: 400
[rows 198 to 230 of 400, columns 148 to 221 of 400]
223.29 229.16 243.57 248.08 244.43 240.04 241 239.79 236.03 234.47 234.2 233.76 233.98 234.97 236.06 234.97 231.75 230.21 227.73 221.56 216.42 210.8 202.3 200.77 212.8 223.85 228.5 229.02 228.89 221 207.52 196.61 187.8 181.92 180 179.71 177.82 173.45 168.1 159.32 147.8 142.12 108.45 44.36 6.89 336.53 329.16 323.74 312.27 295.71 288.26 297.63 311.52 314.79 310.06 301.08 297.76 312.87 337.88 345.71 345.87 349.88 5.95 26.54 35.35 36.91 39.3 31.95 24.91 23.58 23.58 23.58 23.58 24.97
225.73 235.62 253.18 256.26 251.47 246.03 246.14 243.1 237.3 235.08 234.99 234.92 235.22 235.54 235.03 233.7 232.31 232.03 230.71 226.85 225.24 224.2 220.46 226.24 240.67 242.92 239.02 233.69 230.72 219.89 205.47 196.48 190.63 187.17 185.6 184.66 184.6 185.58 186.72 186.23 179.48 168.87 117.21 4.45 341.54 327.1 321.95 319.46 311.72 298.93 292.79 301.33 315.14 320.27 316.36 300.95 286.69 300.13 332.95 343.46 344.5 345.21 355.66 16.06 22.57 21.81 23.39 17.72 13.11 12.31 12.14 11.57 10.7 8.81
233.69 244.8 259.33 260.98 256.65 251.48 250.85 246.31 238.96 236.24 236.23 236.25 236.36 236.47 236.61 237.37 238.54 239.05 238.28 236.65 238.04 240.28 239.76 244.62 250.62 248.43 242.83 236.66 231.49 218.98 205.3 198.86 196.46 196.46 195.8 194.02 198.66 210.74 220.78 224.15 219.63 210.03 258.12 328.23 320.44 312.53 308.3 308.76 305.37 297.41 293.78 301.73 317.06 328.12 332.05 319.16 291.32 298.63 326.68 338.56 341.51 338.15 327.96 324.59 332.91 337.93 336.61 342.28 346.89 347.69 347.42 346.17 343.88 340
238.58 248.5 260.02 261.1 257.88 253.98 253.37 248.07 239.81 236.79 236.79 236.79 236.79 237.29 239.34 241.99 243.59 242.28 240.03 238.97 241.53 244.93 244.94 246.19 246.02 241.2 236.05 232.35 227.29 215.9 204.54 199.66 198.63 199.85 199.47 198.03 208.94 231.96 240.82 234.57 224.34 216.56 259.88 322.15 317.8 309.17 301.71 301.99 300.61 295.67 293.57 299.14 312.47 327.84 341.21 341.73 318 309.79 324.55 334.87 338.99 335.99 323.6 314.48 318.39 322.66 320.7 328.05 335.09 336.42 336.57 335.87 333.62 330.3
240.98 249.4 258.76 259.55 257.48 255.1 254.83 249.01 240.05 236.79 236.79 236.79 236.79 237.93 242.19 246.3 247.2 242.8 238.28 237.18 240.54 244.93 244.94 242.47 237.21 230.56 226.31 225.29 221.25 211.96 203.06 198.87 197.82 198.78 198.25 197.55 215.71 253.77 255.8 235 218.34 210.98 255.39 326.55 322.41 311.47 299.16 298.02 297.65 294.8 293.57 295.41 301.73 314.54 334 343.03 331.62 320.34 325.24 332.68 337.22 337.3 330.07 321.52 322.38 324.7 322.64 328.86 335.19 336.42 336.98 336.92 334.98 332.1
241.46 248.64 256.24 256.68 255.63 254.74 254.88 248.09 237.96 234.49 234.64 234.79 234.93 236.71 242.93 248.25 248.13 240.52 234.42 234.11 238.24 242.77 242.14 236.08 227.45 220.93 218.4 219.22 215.6 207.59 200.47 196.86 195.68 196.13 195.19 194.51 217.88 280.3 271.22 228.4 207.9 202.15 246.77 335.66 333.09 322.32 305.07 301.92 302.2 300.91 300.76 299.54 297.81 305.81 338.23 352.59 344.97 333.51 330.99 333.36 335.54 336.69 332.88 325.93 325.32 325.4 321.8 325.82 330.75 330.88 331.17 331.97 331.1 329.59
237.54 243.73 249.45 248.93 248.98 250.4 251.4 242.4 230.3 226.92 227.67 228.4 229.11 231.39 237.87 242.54 240.24 230.44 226.04 229.14 233.24 234.56 230.95 221.88 213.9 211.03 211.85 213.72 209.57 202.01 196.05 192.86 191.4 190.92 189.21 187.24 197.48 330.48 309.9 195.05 187.18 186.47 210.62 355 358.11 0.15 0.48 356.77 353.86 356.41 5.66 18.57 41.48 60.39 39.02 13.54 2.68 353.98 346.79 341.09 335.7 333.89 331.99 327.54 327.47 325.39 318.88 319.4 321.73 319.9 318.9 319.93 320.55 321.17
235.29 239.14 241.06 238.94 240.64 246.09 248.56 237.52 224.24 221.26 222.61 223.91 225.16 227.27 231.3 232.26 227.47 221.16 222.45 229.18 229.74 224.8 218.14 209.74 205.6 206.22 208.69 209.7 204.88 198.07 193.13 190.31 188.72 187.7 185.6 182.81 177.16 24.43 52.87 164.42 173.91 176.87 168.02 8.54 15.84 26.89 40.22 39.29 39.71 50.91 60.21 66.58 72.79 74 53.41 21.96 10.59 4.39 356.71 347.68 338.37 333.83 331.86 328.72 330.45 328.46 320.95 319.17 319.54 316.86 314.45 314.02 314.63 315.87
239.38 239.57 237.32 234.56 238.4 247.88 251.45 239.78 225.71 222.5 223.86 225.17 226.41 227.8 229.02 227.55 223.79 224.22 230.38 236.8 229.76 219.44 213.03 207.54 205.89 206.87 208.15 207.04 201.9 196.22 192.36 189.94 188.38 187.34 185.31 182.64 177.63 35.54 70.85 164.26 173.58 176.7 169.25 10.01 18.37 28.78 37.29 34.7 37.66 57.01 70 71.06 68.21 63.66 44.84 19.41 9.61 3.95 357.14 349.53 341.4 336.28 333.5 330.48 333.86 333.1 326.25 323.51 322.84 319.99 316.43 314.01 313.82 314.69
242.06 238.08 232.15 229.07 235.07 249.12 254.14 241.5 226.24 222.5 223.53 224.43 225.26 225.62 224.24 221.04 218.18 223.83 234.95 240.06 223.51 209.61 203.94 200.62 200.76 201.81 201.96 199.69 195.34 191.34 188.87 187.23 186.05 185.1 183.27 180.73 172.89 77.74 95.63 154.66 168.41 173.35 163.13 14.49 23.8 33.35 38.78 37.36 44.11 66.94 78.76 73.32 61.09 50.77 32.44 12.73 4.94 359.81 354.35 348.47 341.83 336.93 333.8 330.94 336.02 336.98 331.78 329.23 328.27 325.67 321.52 317.46 316.42 316.79
237.2 228.39 220.52 218.33 227.49 249 256.81 241.38 223.25 217.88 217.21 215.98 214.43 212.35 209.14 206.22 204.67 207.14 207.34 196.81 183.19 180.17 178.86 177.52 176.35 175.79 175.62 175.92 176.49 176.92 177.18 177.57 177.83 177.39 176.31 174.07 158.99 107.57 105.17 128.63 147.68 158.66 138.72 28.79 37.17 45.49 50.94 53.92 61.86 73.05 75.51 63.99 41.12 21.4 2.92 354.09 350.35 346.33 344 341.33 337.2 333.69 330.89 328.35 335.89 340.81 340.36 341.06 341.95 341.38 339.09 335.61 333.85 333.06
226.31 216.22 210.35 209.81 221.87 252.35 262.87 242.21 219.9 212.91 210.5 206.93 202.78 198.59 195.39 194.29 193.91 189.25 171.08 149.25 151.77 158.46 160.82 160.95 158.76 157.12 156.51 158.26 162.28 165.99 168.32 170.23 171.64 171.74 171.31 169.59 155.43 123.7 114.54 117.59 127.35 140.59 117.64 43.93 50.83 57.6 62.54 66.25 68.64 67.86 61.3 44.92 21.09 1.29 347.35 343.61 341.72 338.6 338.01 337.09 334.4 331.84 329.38 327.05 334.99 342.39 345.74 349.63 352.55 354.11 354.65 353.77 352.1 350.31
218.8 212.48 210.03 209.81 223.88 260.87 271.69 245.75 219.28 211.76 209.17 205.28 201.13 197.4 194.97 194.29 193.59 187.62 173.77 157.52 153.97 157.51 159.95 160.61 159.18 157.71 156.26 156.75 160.65 164.87 167.72 169.87 171.38 171.63 171.31 169.92 160.17 140.18 127.78 116.2 111.32 121.89 100.89 55.64 62.04 67.53 71.29 74 68.82 57.36 45.45 31.21 15.38 0.99 349.68 345.25 342.89 339.91 339.18 338.19 335.61 333.12 330.74 328.47 334.68 341.43 344.9 349.18 352.36 353.98 354.6 353.87 352.32 350.53
213.71 210.14 210.35 210.13 225.66 268.88 280.12 247.66 216.47 208.68 206.03 202.01 197.97 194.61 192.54 191.71 190.26 183.7 172.99 160.72 154.69 155.49 157.97 159.28 159.03 158.46 156.92 156.31 159.68 164.01 167.22 169.69 171.44 171.92 171.63 170.43 163.79 150.83 138.76 116.03 91.9 92.97 83.52 72.95 76.95 78.83 79.66 80.7 66.9 46.38 32.74 21.39 10.35 359.66 350.78 346.49 343.93 341.06 340.19 339.03 336.4 333.86 331.43 329.1 333.63 339.53 342.88 347.56 351.24 353.18 354.17 353.95 352.99 351.72
213.38 212.79 214.41 212.31 224.28 268.69 288.12 225.57 194.46 190.14 188.58 186.07 183.25 180.28 176.57 171.86 167.32 164.63 160.47 153.65 148.24 146.92 149.14 151.26 154.77 160.36 164.35 165.56 165.89 166.4 167.91 170.92 173.89 175.01 174.11 172.26 168.74 163.27 156.66 129.16 71.93 67.91 79.37 94.01 93.48 86.07 76.23 69.02 34.24 11.67 5.09 0.88 356.4 351.83 348.5 346.87 344.85 342.05 340.79 338.81 335.21 331.8 328.6 325.61 328.06 332.08 333.67 338.28 343.77 347.76 351 353.86 356.76 359.77
213.64 214.4 216.04 212.54 218.82 246.64 261 173.03 172.11 172.74 172.83 172.55 171.29 168.99 164.82 158.57 153.05 153.28 152.83 149 143.36 139.77 141.72 142.85 147.53 159.63 171.44 175.47 172.83 169.34 168.57 171.89 176.15 177.79 176.32 173.83 171.99 171.31 170.73 155.58 54.82 60.29 90.28 109.36 105.58 85.11 54.96 21.76 346.14 340.6 343.16 345.52 345.98 345.71 346.31 347.04 345.67 342.99 341.62 339.17 334.93 330.96 327.27 323.86 324.48 326.58 326.78 330.3 336.36 342.06 347.46 353.36 0.19 7.62
211.78 212.24 213.38 209.96 213.18 224.38 209.38 174.89 172.42 172.74 172.89 172.73 171.57 169.48 166.14 160.95 155.8 155.48 154.73 151.08 144.04 138.1 140.06 138.55 139.17 152.56 169.81 175.55 173.32 169.7 168.03 171.11 175.89 177.8 176.48 174.07 172.13 171.31 170.76 157.04 64.85 69.19 106.42 123.93 117.73 80.84 37.1 11.95 350.19 341.1 342.06 344.77 345.72 345.71 346.48 347.55 346.41 343.91 342.86 340.72 336.72 332.95 329.41 326.12 325.62 326.67 326.78 329.09 334.12 340.03 345.93 352.47 0.22 8.74
210.08 210.31 211.06 207.76 208.89 211.87 196.49 176.01 172.71 172.74 172.94 172.89 171.82 169.93 167.26 162.89 158.1 157.4 156.45 152.98 144.77 136.41 138.37 133.48 126.72 139.3 167.44 175.62 173.76 170.05 167.45 170.15 175.56 177.76 176.6 174.27 172.26 171.33 170.81 158.42 76.8 79.26 120.33 134.88 127.76 76.62 27.14 8.14 352.38 341.55 340.76 343.84 345.31 345.54 346.47 347.88 346.96 344.64 343.87 342.01 338.24 334.67 331.29 328.12 326.67 326.75 326.78 327.8 331.44 337.51 343.97 351.27 0.21 10.18
206.82 208.7 211.04 209.77 211.51 212.62 200.64 182.72 175.44 172.84 171.3 170.95 170.55 169.9 169.54 168.37 166.75 167.4 167.84 166.89 162.4 156 157.6 151.57 135.03 140.49 168.76 175.59 175.71 174.12 170.77 167.53 167.13 168.76 170.44 171.53 172.58 174.62 177.15 175.67 99 94.72 141.02 156.15 156.66 42.67 4.2 356.63 348.33 336.88 329.23 325.89 322.48 319.52 319.91 324.9 327.85 328.79 332.53 334.01 332.41 330.75 328.79 326.65 325.25 325.48 326.78 327.68 329.75 334.43 339.18 343.79 349.68 355.9
204.6 208.21 212.04 212.48 213.96 212.56 202 186.99 177.96 173.2 169.99 169.09 169.19 169.64 171.21 172.91 174.52 176.92 179.12 181.17 183.57 186.21 186.23 188.06 189.94 174.94 172.4 175.47 177.4 178 174.64 166.61 160.47 160.04 163.68 168.17 172.5 177.99 184.01 192.2 205.36 152.48 161.28 178.51 196.08 319.25 346.2 347.69 344.51 334.38 323.83 316.98 311.35 307.49 306.75 310.18 313.45 316.12 322.8 326.78 326.79 326.86 326.26 324.95 323.27 323.24 325.8 327.3 328.49 331.69 334.49 336.14 338.19 338.9
205.3 208.68 212.09 212.48 211.84 207.29 197.42 185.82 178.15 173.67 170.5 169.28 169.19 169.6 171.05 172.73 174.37 176.81 179.08 181.22 183.66 186.21 186.23 187.73 188.08 176.18 172.84 175.38 177.31 178 175.1 168.35 162.12 159.62 162.2 167.04 171.68 177.75 184.46 191.96 193.37 165.36 160.03 177.82 203 326.55 346.35 347.69 345.07 337.17 328.54 321.7 315.44 311.14 309.3 310.14 311.96 314.84 322.36 326.78 326.81 327.32 327.12 325.83 322.93 321.27 323.72 325.12 326.15 329.43 332.64 334.82 337.14 337.76
206.03 209.16 212.15 212.48 209.94 203.4 194.39 184.98 178.31 174.08 170.97 169.46 169.19 169.55 170.9 172.54 174.22 176.71 179.05 181.26 183.75 186.21 186.23 187.42 186.8 176.93 173.24 175.28 177.23 178.01 175.48 169.69 163.52 159.17 160.44 165.67 170.67 177.44 185.03 191.72 189.01 170.11 158.6 176 218.79 331.83 346.51 347.69 345.6 339.44 332.25 325.61 319.01 314.43 311.69 310.1 310.39 313.5 321.91 326.78 326.83 327.78 327.95 326.68 322.58 319.11 321.4 322.67 323.48 326.82 330.52 333.36 335.98 336.5
197.41 199.52 200.24 198.71 195.07 190.42 186.08 182.2 179.58 178.07 176.77 175.16 173.14 171.13 169.75 168.41 167.17 168.84 172.15 175.47 177.91 180.61 183.3 185.71 183.96 173.73 169.62 170.98 171.61 171.15 168.88 165.15 160.31 153.78 150.37 151.51 151.44 155.46 164.89 170.92 173.47 175.14 185.93 263.99 268.78 321.69 339.52 342.65 342.73 340.4 337.51 334.1 329.42 325.37 321.96 317.98 315.57 316.93 324.5 329.93 331.35 333.97 335.92 336.39 333.55 329.83 331.44 332.14 332.78 336.23 340.3 343.33 345.39 345.65
185.69 186.56 184.59 180.72 177.84 177.46 178.38 179.58 180.91 182.35 183.01 181.37 177.61 173.16 169.04 164.78 160.56 160.15 163.59 168.14 170.52 173.61 179.77 183.99 181.58 171.38 166.46 166.59 165.68 164.02 162.22 160.31 156.75 149.02 142.17 139.38 132.92 130.55 138.49 143.12 153.08 179.31 248.07 296.97 288.78 314.35 331.51 336.42 338.74 339.97 341.37 342.13 340.93 338.52 335.41 330.49 325.39 323.36 327.84 333.17 336.51 341.21 345.43 348.61 349.63 348.78 348.93 348.71 349.41 352.57 355.93 357.81 358.39 358.41
184.33 184.9 182.58 178.72 175.96 175.89 177.41 179.25 181.1 182.93 183.75 181.97 178.24 173.85 169.79 165.57 161.13 158.93 161.16 166.19 168.62 171.89 179.23 183.86 181.18 172.44 167.34 166.64 165.42 163.69 161.99 160.32 157.02 149.54 142.7 138.94 127.92 119.26 125.92 126.61 130.9 179.91 304.25 316.24 304.51 316.62 329.31 334.17 337.06 339.08 341.16 342.8 342.67 340.88 338.1 333.83 329.04 326.08 327.87 332 335.76 341.08 345.89 349.63 351.48 351.35 351.31 350.84 351.35 354.54 357.93 359.65 360 360
184.5 184.84 182.43 178.8 176.08 175.8 177.33 179.23 181.13 183.03 183.77 181.88 178.37 174.3 170.58 166.72 162.39 158.66 159.33 164.79 167.3 170.71 179.12 183.95 181.04 173.51 168.49 167.2 165.86 164.18 162.52 160.89 157.72 150.63 144.15 139.77 123.99 107.24 111.37 103.68 82.47 0.57 330.33 328.24 316.47 319.59 327.74 332.26 335.56 338.07 340.36 342.43 343.02 341.64 339.1 335.53 331.37 328.02 327.42 329.98 333.94 339.7 344.9 348.89 351.1 351.31 351.31 350.65 350.84 354.14 357.83 359.64 360 360
160.88 160.96 161.22 160.02 158.49 157.72 158.37 159.43 160.5 161.59 163.99 166.52 166.63 165.6 165.35 164.72 163.1 159.86 158.51 162.15 161.39 159.03 164.4 169.08 168.84 165.05 163.37 163.44 162.41 160.99 160.2 160.13 158.79 153.69 148.7 144.47 124.03 96.69 96.84 83.36 65.77 58.92 18.3 3.25 354.95 350.87 351.92 354.04 356.02 357.33 358.12 358.42 357.61 355.72 353.32 350.67 347.8 345.19 344.05 346.68 351.91 356.29 357.84 358.08 357.87 356.97 355.92 354.62 354.09 356.12 358.6 359.78 360 359.67
140.01 138.9 140.09 140.84 140.39 139.28 139.06 139.2 139.34 139.48 142.76 148.99 152.65 154.73 158.15 161.18 162.9 161.5 158.92 159.65 154.59 145.52 146.32 151.42 155.28 155.17 156.9 158.75 158.15 156.8 156.58 158.3 159.34 156.9 154.06 150.76 128.02 91.07 90.12 80.06 72.04 72.9 49.88 36.2 36.6 33.09 28.51 26.59 25.2 23.67 21.99 19.33 15.97 13.33 11.4 10.09 9.38 9.29 11.87 17.52 22.44 20.52 15.18 10.41 6.85 4.3 1.91 0.08 359.03 359.22 359.72 359.96 360 359.24
139.56 136.46 135.73 136.53 136.51 135.75 135.51 135.51 135.51 135.51 138.46 144.59 148.68 151.35 155.5 159.4 162.07 161.49 159.09 159.09 153.04 142.68 142.62 147.77 152.41 153.01 155.65 158.08 157.63 155.91 154.97 156.76 158.61 157.28 155.37 152.38 129.36 90 89.3 82.43 77.36 78.42 56.73 43.22 44.63 40.42 34.5 31.94 30.06 28.11 26.08 23.03 19.36 16.7 15.04 14.32 14.29 14.95 19.41 26.97 31.39 25.24 17.47 12.12 8.34 5.77 3.19 1.34 0.26 360 360 360 360 359.16
142.88 138.02 135.05 135.6 135.91 135.62 135.51 135.51 135.51 135.51 138.06 143.54 147.42 150.09 154.19 158.16 161.03 160.91 159.09 159.09 153.04 142.68 142.62 147.77 152.41 153.01 155.91 158.57 158.2 156.03 153.99 155.27 157.43 156.74 155.37 152.38 129.36 90 89.59 85.61 82.62 83.26 60.04 45.28 46.65 40.74 33.54 30.83 28.99 27.08 25.1 22.18 18.68 16.13 14.6 14.15 14.29 15.07 20.54 29.95 34.36 24.67 15.97 11.05 7.74 5.5 3.06 1.3 0.26 360 360 360 360 359.18
141.62 136.29 131.84 132.64 133.85 134.77 135.71 136.7 137.29 137.22 139.02 143.55 147.12 149.85 154.1 158.74 162.79 164.78 165.86 167.99 166.37 161.24 161.22 164.06 165.81 164.86 165.75 167.27 167.27 166.05 164.84 166.5 169.33 170.48 170.48 169.01 154.3 95.84 94.36 89.35 85.84 86.2 54.96 40.01 43.51 38.3 32.9 33.28 34.37 34.68 34.64 33.23 30.47 28.54 28.03 28.69 29.1 29.81 37.27 46.98 47.8 33.04 24.32 23.25 25.48 29.33 29.19 32.96 39.79 39.61 33.01 24.36 17.15 10.26
137.96 132.53 126.87 128.03 130.21 132.52 135.04 138.14 140.37 140.37 141.09 144.31 147.44 150.21 154.6 160.42 166.6 172 177.84 184.06 191.13 198.14 198.18 193.83 188.87 185.23 182.23 181.45 182.12 183.56 186.3 189.61 192.39 195 196.2 197.67 208.39 233.42 194.57 126.98 87.29 87.52 30.29 25.76 35.88 35.32 34.65 39.98 44.2 45.99 47.47 47.18 44.78 43.38 43.71 44.96 45.36 45.87 53.24 60.81 59.42 44.58 37.2 40 46.24 52.64 53.78 57.6 62.01 61.16 54.53 43.78 32.98 21.66
137.09 130.75 123.19 124.19 126.6 129.31 132.37 137.35 141.69 142.21 142.11 144.02 146.61 149.22 153.13 159.41 167.11 174.57 183.1 191.61 201.44 209.77 209.81 202.9 195.81 191.61 187.96 186.77 187.78 190.33 194.81 198.76 201.15 203.52 204.63 206.39 216.99 229.33 210.81 197.02 0 0 11.36 21.63 38.06 39.78 40.87 48.07 51.65 51.84 53 52.37 49.16 47.5 47.86 48.74 48.82 49.23 56.06 62.71 61.17 49.5 43.88 47.53 53.47 58.71 59.8 61.57 62.7 60.88 53.75 42.36 31.52 20.85
