malcata_maps/malcata_aspect.grass
north: 40:14:17.01N
south: 40:12:39.7468N
east: 7:02:14.5154W
west: 7:04:21.43W
rows: 400
cols: 400
[rows 132 to 164 of 400, columns 74 to 147 of 400]
263.34 270 266.87 257.68 251.88 252.4 255.22 257.15 255.47 239.12 219.09 203.17 201.75 358.57 360 357.93 352.84 345.53 338.95 333.27 325.87 310.47 281.97 268.18 271.28 279.4 283.63 281.56 273.87 267.3 267.04 254.75 241.26 237.99 232.32 230.72 234.74 238.43 240.31 240.71 240.92 242.11 244.34 248.83 256.08 260.26 262.18 269.13 274.15 273.71 270.01 266.3 265.79 259.21 252.29 251.88 252.98 253.43 250.78 258.64 279.89 288.12 298.1 312.75 316.74 306.23 267.75 242.36 246.64 273.62 298.2 303.5 329.3 342.71
264.15 268.98 265.79 256 248.94 247.95 248.04 247.22 243.23 220.24 201.27 189.7 177.95 24.53 29.29 25.12 15.15 6.31 356.88 348.61 340.29 326.73 300.24 282.76 282.68 287.86 289.91 286.27 273.79 263.31 262.86 251.91 240.68 238.56 238.81 242.02 245.16 245.95 245.3 245.44 246.98 249.51 251.35 253.98 258.68 261.39 262.99 269.73 274.94 274.34 266.77 258.98 257.74 253.39 249.08 248.22 246.92 244.97 242.94 253.25 275.78 284.67 295.01 311.56 318.06 309.77 269.68 243.13 248.53 270.97 289.41 291.81 315.71 331.61
263.01 265.37 261.54 249.54 238.3 231.66 224.33 214.24 198.81 182.19 176.76 173.05 155.66 71.16 70.59 58.6 42.77 34.01 23.28 11.92 2.86 352.62 332.07 308.23 300.62 300.91 299.29 292.87 275.53 261.84 261.68 252.96 244.58 244.02 247.85 253.46 255.36 254.51 253 253.29 254.62 255.95 256.47 257.29 259.33 260.35 261.17 266.84 271.93 271.28 260.22 249.21 248.19 243.86 238.14 234.07 233.9 239.43 244.67 256.91 272.56 278.48 287.46 305.2 316.46 313.86 275.61 249.25 256.48 273.55 284.57 284.7 299.36 312.8
259.55 259.48 254.28 239.63 225.11 213.81 201.22 186.28 170.48 164.8 165.71 165.71 151.52 99.66 92.04 70.17 48.1 39.16 29.86 19.5 11.53 3.66 350.02 330.21 317.84 313.83 309.41 300.9 279.16 261.72 261.72 253.87 246.51 246.43 251.9 258.99 260.62 259.73 258.45 258.7 258.71 257.81 257.13 257.07 257.27 256.9 256.75 259.99 262.63 260.27 250.48 242.36 242.36 235.51 225.74 218.04 223.9 248.86 258.42 264.75 270.82 273.04 280.04 296.15 309.28 311.62 287.02 266.26 269.73 280.08 286.16 285.43 293.64 302.68
254.98 252.71 246.35 230.67 216.63 206.47 196.47 184.91 172.5 166.11 165.71 165.71 155.47 123.03 110.62 75.74 44.4 34.65 26.31 17.28 10.23 3.13 352.28 337.73 326.77 322.15 317.32 308.43 283.51 261.72 261.72 253.87 246.51 246.43 253.43 262.39 264.14 263.57 262.76 262.92 261.25 257.71 255.85 255.25 254.02 252.55 251.65 252.35 251.89 247.94 243.94 242.36 242.36 232.02 219.79 212.33 225.73 273.02 278.36 273.77 269.42 267.82 272.88 285.72 296.96 302.42 297.53 287.69 284.51 288 290.39 289.17 292.55 297.59
248.56 243.45 234.63 216.61 201.75 190.3 179.55 169.78 162.58 159.07 159.28 160.01 153.06 135.14 125.43 79.77 38.81 30.31 24.72 18.62 14.24 9.5 0.8 347.82 336.06 330.55 326.82 319.71 291.41 260.7 260.97 252.56 245.49 246.41 255.24 265.59 267.32 267.03 266.62 266.66 263.23 256.97 254.01 253.07 250.9 249.02 248.02 246.91 244.47 240.61 241.58 245.12 244.68 232.72 221.11 217 238.09 287.97 292.15 281.06 267.38 262.02 265.82 276.23 283.82 290.13 300.7 301.6 297.19 297.07 297.21 295.53 294.56 295.55
235.11 224 208.51 188.8 174.61 161.77 148.7 140.16 140.29 141.29 143.24 145.41 141.73 134.75 135.19 78.52 28.99 26.14 26.47 25.68 26.4 24.97 16.41 2.45 348.21 341.34 342.21 344.47 327.7 255.49 259.08 248.86 244.29 249.03 258.95 268 269.38 269.28 269.16 269.14 263.92 254.8 251.01 250.42 248.78 248.13 248.1 245.87 242.69 240.47 244.32 249.59 248.53 239.08 231.71 232.51 252.14 283.08 290.95 281.79 261.94 252.69 257.93 273.34 280.51 283.5 293.6 301.62 305.67 312.05 314.78 313.17 308.49 305.16
220.22 205.98 189.58 174.76 164 152.76 138.14 127.1 129.08 131.24 133.61 136.2 132.59 127.4 134.28 70.36 23.51 25.66 29.91 31.92 35.18 32.96 21.42 7.7 354.66 347.37 352.23 4.65 20.36 53.39 299.97 263.75 257.81 261.89 266.28 269.53 270 270 270 270 264.05 253.71 249.77 250.04 250.01 250.79 250.72 245.92 241.09 239.56 244.09 249.51 248.14 242.85 239.75 241.92 255.52 274.02 280.05 272.11 251.88 241.26 251.18 280.74 289.38 286.3 286.36 290.04 300.56 322.82 333.01 332.84 328.35 322.62
212.7 200.66 187.55 175.75 166.72 156.79 140.59 124.51 126.44 128.56 130.89 133.47 127.41 117.05 121.91 64.52 26.59 29.34 33.57 35.21 38.44 32.73 18.28 6.15 355.56 347.19 350 5.89 20.15 18.26 336.97 303.99 287.32 281.51 275.31 270.68 270 270 270 270 264.58 255.12 251.48 252.33 253.76 255.19 253.81 245.04 237.67 236.02 240.59 246.15 244.62 243.45 244.28 246.4 254.59 264.19 265.78 257.73 242.96 234.67 248.81 291.45 301.43 292.99 280.5 272.21 279.28 316.19 333.01 332.84 328.35 322.62
205.11 193.92 182.51 173.33 166.35 158.07 141.16 120.45 121.95 123.48 125.71 128.91 120.79 104.86 105.11 63.12 32.22 32.73 34.67 34.56 36.77 27.62 13.19 4.07 356.59 348.97 348.87 7.33 16.86 6.25 342.21 322.98 308.95 298.68 284.54 272.78 271.02 270.46 269.69 269.44 264.83 256.61 253.41 254.74 257.34 259.2 256.35 243.54 234.08 232.64 237.37 242.97 241.3 243.64 248.11 249.83 252.65 254.4 252.1 245.19 236.4 231.29 248.43 298.17 310.29 299.82 275.3 255.05 257.83 305.33 329.48 329.7 325.34 319.84
192.47 180.08 168.96 162.97 159.4 153.81 136.82 113.75 114.13 113.1 113.55 118.11 111.64 96.96 95.04 69.34 40.7 30.26 21.17 12.99 7.78 2.31 0.04 359.26 358.56 357.69 359.94 6.42 3.54 350.89 335.24 325.35 318.67 311.67 296.09 279.99 276.65 272.76 268.16 266.51 263.44 257.99 255.87 257.03 259.27 260.55 256.09 239.55 229.41 229.42 234.73 239.95 238.17 241.82 247.26 247.06 245.22 242.25 239.28 236.67 235.61 236 252.8 293.89 313.3 309.57 273.01 243.34 251.46 292.48 316.38 317.75 313.97 309.36
184.6 173.01 162.76 157.43 155.04 151 134.16 110.51 110.34 105.22 100.5 103.42 102.27 97.35 96.2 70.37 39.59 23.23 7.32 353.89 343.5 343.21 350.35 355.65 359.92 4.81 11.12 4.33 355.08 345.26 333.69 326.36 322.44 318.83 308 293.68 287.37 276.98 265.35 260.98 259.54 258.23 258.01 258.39 258.63 258.32 253.13 236.04 226.96 228.25 233.22 237.11 235.24 238.03 241.48 238.35 234.48 232.23 231.85 234.22 238.99 242.5 255.38 283.3 304.8 311.26 277.07 248.71 261.09 290.03 307.42 309.18 305.59 301.26
183.84 174.21 165.26 159.26 156.11 152.16 135.25 110.51 110.18 99.82 87.82 87.2 93.17 101.15 101.14 66.72 32.54 18.22 5.8 354.93 345.98 344.16 349.84 355.26 359.91 4.97 10.08 3.87 355.88 347.94 338.12 330.29 325.19 321.66 315.77 307.02 299.54 282.5 261.61 253.96 254.23 257.59 259.68 259.07 256.86 254.92 250.31 235.85 228.01 229.17 232.46 234.44 232.5 234.14 235.93 232.36 230.63 231.53 231.85 235.76 243.17 247.44 255.47 270.97 283.33 288.68 283.47 274.57 277.39 293.49 304.86 306.55 302.46 297.5
181.66 174.06 166.69 160.9 157.63 154.26 137.92 111.74 111.22 94.72 74.88 70.86 83.82 105.51 106.66 61.97 26.55 15.1 5.98 357.5 349.94 346.93 350.71 355.91 0.89 6.4 10.96 4.77 357.41 351.06 343.22 335.77 329.82 325.86 323.05 317.99 310.53 288.59 257.67 247.02 249.02 256.8 261.17 259.46 254.54 250.72 246.39 234.34 228.1 229.51 231.44 231.9 230.18 231.06 231.66 228.09 228.12 231.5 232.12 237.31 247.54 252.61 255.54 258.92 258.47 260.01 287.28 296.92 292.04 297.18 303.05 304.75 300.1 294.42
167.73 166.44 164.31 162.76 163.76 165.62 159.02 135.57 134.65 92.52 44.12 38.48 63.13 125.54 131.68 34.75 13.96 14.13 15.07 13.1 9.26 5.34 4.45 6.64 10.62 17.71 23.35 14.45 5.86 3.41 3.15 0.76 353.89 345.05 339.74 337.06 333.39 309.87 247.5 234.23 241.56 254.52 260.84 256.71 245.13 234.28 225.09 215.86 217.21 224.18 228.02 229.31 230.11 232.01 232.84 230.97 232.53 235.54 233.87 238.11 250.77 256.84 255.6 251.35 247.04 251.25 278.36 298.1 299.91 305.53 311.13 314.05 309.07 302.69
156.68 159.63 161.23 163.06 168.69 176.78 185.33 200.9 201.5 264.4 343.5 351.13 348.09 201.16 212.02 340.96 3.26 16.07 24.53 24.96 23.08 20.03 17.05 16.82 19.32 25.68 29.1 19.95 12.85 14.41 20.53 19.99 11.96 1.22 353.66 352.92 355.7 353.28 225.47 222.6 239.57 253.89 259.41 250.68 227.88 207.23 190.7 185.77 203.1 222.27 228.27 229.78 232.9 234.64 234.55 233.68 234.73 235.32 231.58 235.46 251.96 260.16 256.75 249.77 246.43 251.58 269.49 285.75 293.15 310.82 324.42 329.76 327.36 330.86
156.13 158.88 160.23 161.13 166.69 176.21 186.04 200.9 201.46 254.46 341 349.71 347.57 211.32 223.1 335.74 4.4 21.28 28.32 25.18 22.3 19.66 17.27 17.28 19.55 24.22 25.05 17.4 13.09 16.24 22.99 19.09 10.1 1.03 354.12 352.63 355.44 353.66 271.73 243.63 253.22 257.98 259.41 247.03 219.38 200.5 188.3 186.46 220.69 240.33 237.25 233.97 236.97 236.06 233.46 232.44 231.85 230 225.52 230.6 252.28 263.39 259.01 250.45 246.43 249.69 260.46 269.21 272.51 298.12 320.24 325.7 315.64 265.01
155.56 158.07 159.13 158.73 163.84 175.39 186.97 200.9 201.41 245.38 337.64 347.77 347 234.85 241.7 327.02 6.73 31.02 33.34 25.4 21.58 19.31 17.49 17.75 19.79 22.91 21.94 15.42 13.35 18.57 26.08 18.27 8.73 0.88 354.53 352.32 355.15 353.99 316.24 275.5 269.1 262.2 259.41 243.56 213.13 196.36 186.77 187.34 271.05 267.73 248.49 238.66 241.44 237.54 232.41 231.25 229.18 225.39 220.5 226.33 252.6 266.66 261.3 251.15 246.43 247.86 251.88 252.81 251.24 281.59 315.18 320.58 295.82 206.93
156.58 159.59 160.99 159.16 160.14 167.59 170.87 169.68 169.34 135.89 31.51 40.52 60.69 86.58 90.32 48.2 33.08 41.68 28.88 18.08 15.61 15.39 15.54 17.05 19.93 24.29 26.9 26.46 30.64 37.77 41.77 26.85 17.84 15.5 16.05 19.15 19.9 24.87 37.03 31.1 358.11 273.14 260.04 236.43 210.67 204.5 208.56 235.39 280.59 278.94 251.38 233.08 235.35 228.74 223.52 224.98 225.02 224.19 224.38 235.18 258.4 268.33 264.01 255.29 250.78 250.79 251.36 250.93 251.87 267.51 283.85 285.25 269.97 252.05
157.36 161.14 163.2 160.81 157.57 159.05 153.47 142.95 142.22 109.89 66.62 69.2 76.09 82.52 82.51 68.88 50.33 41.69 18.29 9.8 9.74 11.63 13.69 16.5 20.54 27.11 33.61 37.46 45.12 52.1 53.47 35.33 26.8 28.55 33.63 39.22 38.41 44.07 59.36 65.4 65.14 61.77 29.86 251.05 215.82 216.66 228 247.89 264.99 261.05 236.49 217.71 217.77 212.84 213.14 219.79 224.27 227.85 232.3 244.1 260.61 266.7 263.4 256.6 252.85 252.65 253.24 253.75 255.37 264.44 272.7 272.82 266.89 261.02
155.98 159.87 162.09 159.7 156.47 157.94 152.47 142.62 141.96 113.58 73.74 75.61 76.89 76.81 75.3 61.92 45 36.76 17.54 9.9 9.99 12.07 14.43 17.54 21.87 29.06 36.15 40.12 47.56 54.09 55.41 36.76 27.93 29.76 34.07 38.06 36.92 42.37 57.33 63.32 57.16 40.78 12.57 319.79 231.91 226.08 235.65 244.2 245.97 235.53 222.77 217.38 217.38 215.71 218.52 225.69 230.5 234.31 238.58 247.94 259.5 263.44 260.42 254.49 251.17 251.22 252.67 253.78 254.87 260.76 265.78 265.19 264.29 263.88
154.38 158.36 160.75 158.41 155.29 156.87 151.69 142.62 142.02 117.25 81.17 82.22 77.59 71.3 68.47 55.55 40.28 32.7 17 10.16 10.37 12.61 15.32 18.75 23.39 31.25 38.95 42.95 50.03 56.01 57.29 38.18 29.01 30.88 34.29 36.72 35.31 40.55 55.2 61.12 50.16 29.12 7.76 339.83 259.92 239.65 244.77 240.57 231.09 219.35 213.69 217.38 217.38 219.57 226.06 233.36 238.24 242.05 245.79 251.93 258.35 260.19 257.45 252.37 249.48 249.77 252.07 253.78 254.32 257.13 258.97 257.72 261.7 266.73
151.47 157.03 161.78 162.06 160.46 161.3 156.7 149.06 148.57 126.47 83.61 83.78 66.55 45.56 32.59 15.23 6.79 4.73 2.98 3.07 4.65 6.93 9.22 11.6 14.7 20.43 26.68 30.26 38.65 48.42 52.86 35.33 28.75 32.98 36.48 37.1 34.7 37.79 47.02 46.19 27.3 9.45 358.78 345.57 293.1 252.41 251.24 236.01 226.01 225 233.58 245.03 244.33 246.34 249.41 250.48 251.36 252.37 253.48 254.91 255.79 255.11 252.45 248.87 247.42 248.44 250.93 252.3 251.91 252.03 251.36 249.55 257.37 267.39
147.08 154.48 162.96 167.43 168.06 167.73 163.77 157.78 157.42 138.15 69.42 60.08 9.44 349.05 333.1 325.53 327.13 331.77 345.95 354.11 357.3 359.48 0.88 1.47 1.89 2.69 3.65 4.71 12.18 32.54 46.88 32.59 29.63 37.09 39.61 37.25 33.72 33.72 33.99 20.9 0.9 353.04 351.31 347.12 319.65 270.03 260.41 236.73 230.9 237.41 247 253.71 253.09 254.66 256.58 256.24 256.24 256.51 256.43 254.45 250.66 247.08 244.94 245.6 247.44 248.73 249.37 248.78 247.31 245.65 243.61 241.47 250.33 262.62
141.88 148.94 159.94 167.21 169.19 168.68 164.82 159.1 158.73 136.37 48.65 30.92 358.64 346.51 334.32 324.46 320.8 324.45 342.39 352.5 356.09 358.35 359.67 360 360 360 360 0.5 8.11 42.73 60.05 38.97 34.82 43.23 41.68 35.51 31.49 29.76 26.13 13.23 358.28 351.51 350.37 347.61 328.87 291.35 277.18 249.48 241.76 247.4 251.25 252.61 251.95 253.37 255.08 254.57 254.88 255.63 255.53 251.58 244.65 239.33 238.89 245.49 250.94 250.95 248.06 245 243.17 241.08 238.67 236.28 243.92 254.76
135.22 140.29 154.37 165.7 169.19 168.68 164.82 159.1 158.68 130.98 36.47 21.28 358.97 349.21 339.04 327.53 318.07 319.73 340.79 352.1 355.91 358.29 359.66 360 360 360 360 0.51 10.48 78.48 83.81 50.52 42.8 51.35 43.69 33.65 29.34 26.52 21.26 10.18 358.58 351.98 350.37 347.98 333.9 307.54 293.16 266.83 256.13 258.56 254.83 250.6 249.87 251.17 252.75 252.15 252.84 254.16 254.16 248.5 239.08 232.69 233.78 245.93 255.13 253.51 246.82 241.44 239.45 237.19 234.61 232.02 238.32 247.28
131.15 130.92 143.8 157.99 164.45 166.1 162.92 154.97 150.55 111.06 32.33 5.41 347.87 345.72 343.39 337.16 326.28 323.48 341.63 351.93 355.72 358.33 0.18 1.24 1.8 0.68 356.02 349.6 329.58 245.13 236.3 358.7 17.09 35.13 27.2 20.51 20.44 20.55 17.59 10.97 4.1 358.96 355.82 352.25 341.32 322.33 308.9 284.63 270.04 268.58 254.94 244.07 243.35 245.26 247.71 247.59 249.34 251.85 252.43 245.79 235.87 231.2 235.1 249.03 258.09 254.41 244.25 236.91 234.74 232.86 231.17 229.63 236.94 246.88
129.84 124.55 132.86 147.38 157.05 161.86 160.66 152.14 144.14 94.7 26.3 356.55 338.41 339.14 345.8 349.25 345.19 337.11 344.53 351.93 355.5 358.41 0.91 2.98 4.25 1.47 352.07 339.43 307.48 267.4 267.84 283.53 301.07 309.93 345.4 359.79 8.65 14.76 15.45 12.99 10.27 7.27 2.88 357.62 348.43 334.35 322.86 301.56 283.99 279.52 250.77 231.66 231.38 235.4 240.86 242.4 246.13 250.43 251.98 245.19 236.07 233.83 239.07 250.03 255.67 250.77 239.68 231.92 229.71 229.07 229.27 229.27 239.38 251.99
125.39 120.36 127.15 141.56 152.49 158.95 160.51 154.78 146.54 82.65 18.45 356.75 339.33 334.61 344.14 352.1 351.51 343.5 345.83 351.72 355.27 358.37 1.15 3.57 4.92 1.51 352.56 340.75 313.93 279.35 277.61 280.05 284.29 287.45 327.4 352.19 5.94 14.38 14.95 13.15 11.3 8.71 4.27 358.99 351 339.62 329.69 310.67 292.62 287.39 250.17 226.92 226.92 232.88 241.07 243.34 247.82 252.69 254.43 247.31 238.02 236.2 240.29 246.94 249.07 243.98 234.84 228.43 226.39 227.17 228.89 229.36 241.93 257.19
118.79 116.37 122.67 136.84 148.4 156.22 161.04 158.08 150.46 71.06 13.49 357.66 342.15 330.08 339.87 351.08 352.25 345.8 346.39 351.41 355 358.28 1.2 3.74 4.95 1.35 353.78 343.89 322.56 291.7 287.88 280.17 273.92 274.72 316.77 349.72 7.76 16.25 14.87 12.69 10.77 8.1 3.92 359.08 352.05 342.39 333.54 315.94 297.76 292.18 252.33 226.92 226.92 234.43 244.74 246.98 251.42 256.25 257.81 250.24 240.37 238.34 240.6 242.92 242 237.21 230.52 225.7 223.87 225.9 228.89 229.44 244.37 262.47
109.59 109.08 114.53 127.86 140.39 151.41 164.24 169.78 171.26 9.92 354.37 344.97 329.4 304.45 301.38 305.32 308.95 308.89 317.16 329.23 336.08 341.62 346.81 349.73 351.65 352.34 350.1 345.27 331.24 305.92 300.43 283.21 266.79 266.37 296.29 329.24 347.08 1.98 5.63 7.23 8.68 9.04 7.92 6.61 5.39 2.15 357.3 348.25 330.53 317.56 247.85 217.84 222.1 234.09 247.62 250.18 254.33 258.52 259.65 250.92 239.72 237.31 238.04 237.29 235.12 232.05 228.68 226.43 226.13 230.5 235.44 236.65 251.13 266.89
101.74 100.57 104.49 115.29 127.43 141.91 168.41 190.02 209.95 304.66 333.01 329.87 315.77 292.33 287.62 287.32 288.19 288.84 294.45 304.12 310.74 317.62 325.63 329.04 331.85 338.84 343.49 344.92 338.92 322.64 316.72 293.72 269.67 269.5 285.7 303.38 309.8 331.61 348.57 357.99 5.9 11.41 14.71 18.27 24.14 28.37 29.57 35.11 36.88 27.09 113.23 193.83 214.15 235.33 251.44 254.28 256.72 258.47 258.66 248.39 235.58 232.76 232.67 231 229.94 229.77 229.68 229.9 231.38 237.85 244.06 245.59 256.45 267.19
96.97 93.22 95.43 102.68 111.62 124.3 165.25 210.17 237.88 305.39 327.51 325.99 314.13 294.73 290.05 286.82 284.24 284 287.75 294.56 299.69 307.46 318.21 322.62 325.13 332.96 339.78 343.77 341.43 331.2 325.86 306.46 282.88 279.92 286.76 295.37 298.27 317.24 338.65 352.93 5.35 13.39 18.32 23.66 31.28 36.76 38.69 42.91 42.91 36.01 57.68 174.63 223.34 248.04 259.18 261.03 259.68 257.21 256.23 246.26 233.98 231.27 230.97 229.32 229.09 230.13 231.13 232.08 234.19 241.74 248.62 249.99 257.68 264.84
